100 '***************
110 '*   Arsène    *
120 '*    Lupin    *
140 '*  GENTLEMAN  *
150 '* CAMBRIOLEUR *
160 '***************
180 '***************
190 '* réalisé par *
200 '*  Stéphane   *
210 '*  MADRANGE   *
215 '*   04/1985   *
220 '***************
410 CLS:LOCATE 4,0:PRINT " GENTLEMAN ","    CAMBRIOLEUR"," "
500 CLEAR 500:DEFINT A-Z:DIM E(20,3):DIM D$(10):DIM M$(9):DIM B$(9):VI=5:HS=220:SC=0
501 ZA$="":GOSUB 8000:A1=RND(0):ON ERROR GOTO 503
502 INIT#1,"RECORD":INPUT#1,TSC,HNOM$
503 CLS:INPUT "Ecris ton prénom  ";NOM$
504 CLS:IF REP<>2 THEN PRINT "Débutant   1]","ou PRO     2]":GOSUB 9100
505 CONSOLE,,,0,0:FOR I=0 TO 3:E(19,I)=0:NEXT I
506 PRINT "NIVEAU:(1->7)"
507 I$=INKEY$:IF I$<>"" THEN F=VAL(I$) ELSE 507
508 IF F<1 OR F>7 THEN PRINT "1<NIVEAU<7":GOTO 507
509 F=F+3:RESTORE:VI=VI+INT(F/3)
510 FOR I=1 TO 10:READ A$:FONT$(I+129)=A$:D$(I)=CHR$(I+129):NEXT I
515 D$(0)=D$(10)
520 FOR I=1 TO 7:READ B$(I):FONT$(I+226)=B$(I):B$(I)=CHR$(I+226):NEXT I
525 B$(8)=B$(1):B$(9)=B$(2)
530 FOR I=1 TO 7:READ M$(I):FONT$(I+150)=M$(I):M$(I)=CHR$(I+150):NEXT I
540 M$(8)=M$(1):M$(9)=M$(2)
550 GOTO 850
600 IF REP=2 THEN GOTO 9200
601 IF LR=2000 THEN IF SC<5 THEN GOSUB 14000:GOTO 607 ELSE ON ERROR GOTO 9000
602 IF SC<5 THEN RESTORE 1240 ELSE ON ERROR GOTO 9000
603 IF LEN(YA$)>1 THEN RESUME 1240:GOTO 605
605 READ YA$
607 CLS:FOR J=0 TO 3:FOR I=0 TO 18:READ E(I,J):LOCATE I,J:PRINT D$(E(I,J));:K=0
610 NEXT I,J
620 READ X,Y
630 U=0:V=3:W=18:Z=0
640 LOCATE U,V:PRINT M$(E(U,V));:LOCATE W,Z:PRINT M$(E(W,Z));
650 IF E(X,Y)=5 OR E(X,Y)=4 THEN GOSUB 800:Y=Y+1:GOTO 700
660 IF E(X,Y)=8 OR E(X,Y)=9 THEN GOSUB 6000:E(X,Y)=E(X,Y)-7:K=K+1:IF K=15 THEN 850
670 A=STICK(0):IF A=0 THEN 700 ELSE HS=HS-1:IF HS<1 THEN HS=1
680 IF A=3 AND E(X+1,Y)<>0 THEN GOSUB 800:X=X+1:GOTO 700
685 IF X=0 THEN 691
690 IF A=7 AND E(X-1,Y)<>0 THEN GOSUB 800:X=X-1:GOTO 700
691 IF A=1 AND E(X,Y)=3 THEN GOSUB 800:Y=Y-1:GOTO 700
694 IF Y=3 THEN GOTO 700
695 IF A=5 AND E(X,Y+1)=3 OR E(X,Y)=6 THEN GOSUB 800:Y=Y+1:GOTO 700
697 IF A=5 AND E(X,Y)=7 THEN GOSUB 800:Y=Y+1
700 LOCATE X,Y:PRINT B$(E(X,Y));
705 O=U:P=V:GOSUB 750:U=O:V=P:O=W:P=Z:GOSUB 750:W=O
710 Z=P:IF X=U AND Y=V THEN GOTO 900
720 IF X=W AND Y=Z THEN GOTO 900
730 GOTO 640
750 E=E(O,P):LOCATE O,P:PRINT D$(E);:IF E=4 OR E=5 THEN P=P+1:RETURN
760 IF RND(0)>F/11 THEN GOTO 790
770 IF P>Y AND E=3 THEN P=P-1:RETURN
780 IF P>Y OR Y=P THEN GOTO 785
782 IF E=6 OR E=7 THEN P=P+1:RETURN
783 IF E(O,P+1)=3 THEN P=P+1:RETURN
785 B=O+SGN(X-O):IF E(B,P)<>0 THEN O=B:RETURN
786 RETURN
790 IF RND(0)<2/F THEN B=O-SGN(X-O):IF B<=0 THEN RETURN ELSE IF E(B,P)<>0 THEN O=B
795 RETURN
800 LOCATE X,Y:PRINT D$(E(X,Y));:RETURN
850 GOSUB 13100
855 VI=VI+1:CLS:PRINT "VIES :";:FOR I=1 TO VI:PRINT B$(1);:NEXT
860 S=S+1:IF SC>0 THEN SC=SC+150+HS:HS=220:PRINT:PRINT "SCORE";SC; ELSE SC=SC+2
870 FOR I=1 TO 800:NEXT:GOTO 600
900 GOSUB 7000:LOCATE X,Y:PRINT D$(E(X,Y));:VI=VI-1
910 IF VI>0 THEN GOTO 630
930 GOSUB 13300
935 CLS:SC=SC+K*10:PRINT:PRINT "étage N° ";S,"Score";SC,
940 IF SC>TSC THEN INIT#1,"RECORD":PRINT#1,SC,NOM$:PRINT " RECORD BATTU !!!";:END
950 PRINT "RECORD :";TSC;"(";HNOM$;")";:END
1000 DATA "252,0,0,0,0,0,0,252"
1010 DATA "0,0,0,0,0,0,0,252"
1020 DATA "132,252,132,252,132,252,132,252"
1030 DATA "252,0,0,0,0,0,0,0"
1040 DATA "0,0,0,0,0,0,0,0"
1050 DATA "252,0,252,0,0,0,0,0"
1060 DATA "0,0,252,0,0,0,0,0"
1070 DATA "252,0,0,0,0,48,48,252"
1080 DATA "0,0,0,0,0,48,48,252"
1090 DATA "252,252,252,252,252,252,252,252"
1100 DATA "252,0,0,48,252,48,72,252"
1110 DATA "0,0,0,48,252,48,72,252"
1120 DATA "132,252,132,182,252,182,204,252"
1130 DATA "252,0,0,180,122,48,72,0"
1140 DATA "0,0,0,180,122,48,72,0"
1150 DATA "252,0,252,132,180,122,48,72"
1160 DATA "0,0,252,132,180,122,48,72"
1170 DATA "252,0,0,48,204,48,72,252"
1180 DATA "0,0,0,48,204,48,72,252"
1190 DATA "132,252,132,182,204,182,204,252"
1200 DATA "252,0,0,180,72,48,72,0"
1210 DATA "0,0,0,180,72,48,72,0"
1220 DATA "252,0,252,132,180,72,48,72"
1230 DATA "0,0,252,132,180,72,48,72"
1235 '**tableau**1**
1240 DATA "a",8,1,1,1,1,1,6,6,6,6,6,6,6,1,1,1,1,1,8
1250 DATA 8,3,1,4,8,6,7,5,9,7,7,2,9,4,1,8,1,3,8
1260 DATA 1,8,3,5,3,9,5,7,8,2,2,1,1,2,3,8,4,8,1
1270 DATA 3,1,1,9,1,1,2,2,3,1,1,1,1,8,1,1,2,1,3
1280 DATA 9,1
1290 '**tableau**2**
1300 DATA "b",1,1,1,1,8,6,6,6,6,6,6,6,6,1,1,1,8,1,8
1310 DATA 3,1,1,8,4,5,5,9,9,5,2,2,2,8,6,6,8,8,4
1320 DATA 3,1,8,6,7,7,9,1,1,9,3,4,4,4,5,9,1,4,9
1330 DATA 3,1,1,2,2,2,1,1,3,1,1,2,2,2,2,1,3,2,8
1340 DATA 10,2
1350 '**tableau 3**
1360 DATA "c",4,1,8,1,1,6,6,8,1,4,8,1,1,1,1,1,8,1,1
1370 DATA 9,6,1,8,4,5,5,4,3,7,6,4,4,8,1,1,1,8,3
1380 DATA 8,2,1,8,7,2,9,2,3,5,7,7,7,1,8,3,4,4,4
1390 DATA 1,3,1,1,9,1,1,1,3,2,2,2,2,1,8,1,2,2,9
1400 DATA 6,1
1410 '**tableau 4**
1420 DATA "d",8,1,8,4,8,1,6,6,6,1,1,6,6,6,6,6,6,6,1
1430 DATA 4,3,1,9,1,4,5,5,9,3,3,9,7,7,2,9,5,5,3
1440 DATA 9,1,6,1,3,9,5,9,3,1,1,3,9,5,3,8,5,9,3
1450 DATA 1,3,9,3,1,1,2,3,1,1,1,1,3,2,1,1,2,1,8
1460 DATA 10,0
1470 '**tableau 5**
1480 DATA "e",8,4,8,1,1,1,1,1,1,1,1,1,6,6,6,6,6,1,1
1490 DATA 3,2,6,1,8,1,3,0,0,0,0,3,9,2,5,5,5,8,3
1500 DATA 8,3,5,8,1,3,4,1,8,1,8,6,6,3,5,9,5,3,8
1510 DATA 3,1,9,0,0,8,2,3,0,3,8,2,2,3,2,1,2,1,8
1520 DATA 4,1
1530 '**tableau 6**
1540 DATA "f",1,6,1,8,0,8,6,1,8,6,6,1,1,1,1,8,4,1,8
1550 DATA 3,5,0,0,0,0,5,3,3,9,2,0,0,8,3,4,5,3,1
1560 DATA 3,7,1,1,1,8,7,3,8,1,3,1,1,1,1,2,2,4,3
1570 DATA 3,9,3,8,0,0,9,1,1,3,8,0,8,3,8,1,3,2,3
1580 DATA 10,2
1590 '**tableau 7**
1600 DATA "g",1,6,1,1,1,6,6,6,8,0,8,4,4,8,1,1,1,1,8
1610 DATA 3,9,0,0,8,7,9,2,0,8,3,2,7,1,6,4,3,1,1
1620 DATA 3,8,4,8,6,3,6,3,8,1,3,4,9,0,5,7,8,4,3
1630 DATA 3,1,2,3,2,2,2,8,1,3,1,2,0,0,9,2,1,2,3
1640 DATA 10,2
1650 '**tableau 8**
1660 DATA "h",8,4,1,8,1,1,1,1,6,1,1,1,6,1,8,1,6,6,8
1670 DATA 3,9,3,0,3,8,6,6,9,0,0,0,5,0,0,0,2,2,3
1680 DATA 3,0,0,0,3,0,9,5,3,0,8,6,2,8,4,1,3,6,8
1690 DATA 3,1,8,1,3,0,0,9,3,1,8,2,1,1,2,3,1,9,0
1700 DATA 10,2
1710 '**tableau 9**
1720 DATA "i",8,1,1,6,6,6,4,4,8,4,8,1,1,1,1,1,6,8,1
1730 DATA 3,0,3,9,5,9,5,9,3,9,6,6,1,1,6,3,9,0,3
1740 DATA 3,0,0,3,9,4,9,3,3,3,9,2,1,0,2,4,0,0,3
1750 DATA 3,0,0,0,3,2,3,3,8,3,3,0,3,8,0,2,8,1,3
1760 DATA 10,2
1770 '**tableau 10**
1780 DATA "j",1,8,6,6,1,1,8,0,0,8,1,4,8,1,6,1,1,6,8
1790 DATA 3,1,2,2,3,1,1,6,1,1,3,4,6,6,9,3,0,2,8
1800 DATA 4,3,0,3,8,0,3,7,8,6,0,2,2,2,8,0,0,3,8
1810 DATA 9,3,0,0,8,1,3,2,1,2,8,3,0,3,1,1,8,1,3
1820 DATA 10,2
1830 '**tableau 11*
1840 DATA "k",1,8,4,0,8,4,6,6,6,1,8,1,0,8,8,1,6,6,8
1850 DATA 3,4,9,0,3,9,5,5,5,5,1,8,3,6,1,1,8,2,5,3
1860 DATA 3,2,4,0,3,6,7,5,2,3,0,0,2,8,4,0,3,9,3
1870 DATA 3,1,2,1,1,2,2,2,3,1,8,8,0,0,2,1,8,1,3
1880 DATA 9,2
1890 '**tableau 12**
1900 DATA "l",1,1,1,8,4,8,1,1,6,6,6,8,8,4,4,8,1,1,1
1910 DATA 3,8,0,0,2,1,8,3,9,7,7,6,6,2,9,0,8,1,3
1920 DATA 3,0,0,8,3,0,0,0,8,2,2,2,7,1,1,8,4,3,8
1930 DATA 3,1,1,1,1,1,1,1,1,3,0,8,2,3,1,1,2,1,3
1940 DATA 10,2
1950 '**tableau 13**
1960 DATA "m",8,1,6,6,6,6,6,6,1,6,6,8,6,6,6,1,8,1,1
1970 DATA 8,3,5,2,9,5,9,2,0,5,9,0,9,5,9,3,0,0,3
1980 DATA 8,3,2,8,3,2,1,3,0,5,0,0,0,5,0,3,0,0,3
1990 DATA 3,0,8,3,0,3,1,1,8,2,1,1,8,2,1,3,8,1,3
2000 DATA 9,2
2010 '**tableau 14**
2020 DATA "n",4,8,1,6,6,1,8,1,1,6,6,6,4,1,1,8,1,8,4
2030 DATA 5,8,3,5,2,3,8,1,3,5,7,7,9,3,6,1,4,4,9
2040 DATA 9,1,4,5,3,0,0,0,3,7,9,2,1,4,9,3,7,9,1
2050 DATA 0,3,9,2,3,1,8,1,3,2,1,8,1,2,0,3,2,0,0
2060 DATA 10,2
2070 '**tableau 15**
2080 DATA "o",1,8,1,8,4,4,1,6,6,6,1,8,4,4,4,8,1,1,1
2090 DATA 3,6,6,6,9,7,3,5,9,7,1,6,7,7,5,6,1,6,3
2100 DATA 3,2,7,2,0,5,3,7,0,5,3,5,9,2,7,5,3,7,9
2110 DATA 8,3,9,0,0,9,3,9,0,9,3,2,0,0,9,2,3,9,0
2120 DATA 10,2
2130 '**tableau 16**
2140 DATA "p",1,6,6,0,1,6,6,6,8,6,6,8,6,8,6,1,1,1,8
2150 DATA 3,5,2,8,3,2,2,9,0,9,2,0,2,1,2,6,6,6,8
2160 DATA 3,7,6,6,1,3,0,0,0,0,3,8,6,6,3,5,5,7,8
2170 DATA 3,2,9,2,0,3,1,8,1,1,3,0,9,2,3,2,9,2,8
2180 DATA 10,2
2190 '**tableau 17**
2200 DATA "q",1,6,4,8,6,6,8,6,6,8,1,1,6,6,6,6,6,6,8
2210 DATA 3,5,9,3,5,2,0,2,2,6,6,3,2,5,5,9,5,7,4
2220 DATA 3,2,8,1,2,3,0,0,3,5,9,0,3,5,9,1,2,5,9
2230 DATA 3,1,1,8,1,3,1,8,3,2,1,8,3,2,1,8,1,9,0
2240 DATA 10,2
2250 '**tableau 18**
2260 DATA "r",1,8,1,6,6,1,1,8,1,6,1,6,6,6,1,6,6,1,8
2270 DATA 3,8,4,5,5,3,6,8,6,7,3,5,9,5,3,5,9,4,3
2280 DATA 3,0,5,9,5,3,5,0,9,5,3,9,1,7,1,9,4,5,3
2290 DATA 3,8,2,0,2,3,2,0,8,2,3,0,3,2,8,0,9,2,3
2300 DATA 10,2
2310 '**tableau 19**
2320 DATA "s",1,8,6,6,8,0,8,1,6,6,6,6,6,1,8,6,1,8,1
2330 DATA 3,6,5,2,1,8,1,3,7,7,9,5,9,3,0,9,1,1,3
2340 DATA 3,7,5,3,1,1,8,1,2,5,3,2,6,6,1,0,8,6,3
2350 DATA 3,9,2,1,1,8,1,1,3,2,1,0,9,2,3,0,0,9,3
2360 DATA 6,3
2370 '**tableau 20**
2380 DATA "t",8,1,1,8,1,6,8,1,6,8,1,6,1,8,1,6,6,8,1
2390 DATA 1,3,1,1,6,2,3,8,2,8,1,7,1,8,1,9,5,1,3
2400 DATA 3,0,3,0,2,1,6,1,8,1,6,2,0,6,3,0,5,3,8
2410 DATA 3,0,3,1,1,8,2,1,1,1,2,8,1,2,3,0,2,3,8
2420 DATA 10,3
2430 '**tableau 21**
2440 DATA "u",4,8,6,8,6,6,8,1,1,6,6,6,6,8,1,4,4,6,1
2450 DATA 2,1,5,0,2,2,8,1,3,2,9,2,2,0,3,2,9,2,3
2460 DATA 3,0,9,4,3,1,1,1,0,8,1,3,8,1,6,1,6,6,3
2470 DATA 3,0,8,2,1,8,1,3,1,1,1,8,0,3,9,0,9,2,3
2480 DATA 6,2
2490 '**tableau 22**
2500 DATA "v",1,6,8,1,1,4,1,1,8,1,1,1,6,6,6,8,6,1,4
2510 DATA 3,5,0,8,1,2,3,8,0,1,8,3,2,5,9,0,2,3,9
2520 DATA 3,5,4,1,1,8,1,3,0,3,1,8,1,2,6,0,3,1,4
2530 DATA 3,8,2,0,3,1,1,8,1,1,8,1,3,1,9,0,3,8,2
2540 DATA 8,3
2550 '**tableau 23**
2560 DATA "w",4,8,1,0,8,1,6,1,1,8,1,1,6,6,8,0,8,6,1
2570 DATA 9,1,3,0,6,8,2,3,4,0,8,3,5,2,8,0,1,5,3
2580 DATA 4,3,1,8,2,1,3,1,5,0,3,1,2,6,8,1,3,5,3
2590 DATA 2,8,3,0,3,1,1,1,9,0,8,3,1,2,1,8,1,2,3
2600 DATA 6,3
2610 '**tableau 24**
2620 DATA "x",1,8,0,1,1,8,6,6,4,6,6,1,1,1,8,1,1,1,8
2630 DATA 3,1,8,3,0,8,7,5,7,5,9,6,3,8,1,1,1,1,3
2640 DATA 3,1,1,8,1,1,2,7,9,7,8,5,4,1,1,3,1,8,3
2650 DATA 3,1,8,1,1,1,3,2,1,9,1,2,2,3,1,8,1,1,3
2660 DATA 11,2
2670 '**tableau 25**
2680 DATA "y",4,1,1,8,4,0,1,1,8,6,6,6,6,4,4,4,6,6,8
2690 DATA 9,4,3,6,2,6,3,8,1,2,9,7,7,9,2,5,9,5,3
2700 DATA 4,7,1,9,3,5,0,8,3,8,0,5,9,0,3,5,4,5,3
2710 DATA 2,2,3,1,8,2,1,1,8,3,1,2,0,0,3,2,9,2,3
2720 DATA 6,3
2730 '**tableau 26**
2740 DATA "z",8,6,1,6,8,6,1,8,0,8,6,1,1,6,8,1,6,6,8
2750 DATA 3,5,3,2,8,5,3,4,0,6,2,0,3,5,4,6,9,5,0
2760 DATA 3,9,1,0,1,5,3,7,1,7,3,8,3,7,9,2,1,2,8
2770 DATA 1,3,8,1,3,2,8,2,0,2,3,0,1,2,1,1,3,1,8
2780 DATA 8,2
2790 '**tableau 27**
2800 DATA "1",1,6,6,1,1,8,1,6,1,1,6,6,8,0,8,6,8,6,1
2810 DATA 3,5,9,6,3,0,3,2,6,3,5,9,1,0,1,9,4,2,3
2820 DATA 3,5,4,9,1,0,8,1,5,3,5,8,3,0,3,8,5,6,3
2830 DATA 3,2,2,8,3,0,8,3,2,3,2,8,1,1,1,1,9,2,3
2840 DATA 8,0
2850 '**tableau 28**
2860 DATA "2",8,6,1,1,8,1,1,8,1,4,4,1,8,1,1,8,6,6,8
2870 DATA 3,5,0,8,1,3,1,1,1,9,2,1,1,3,1,1,2,5,3
2880 DATA 3,7,6,8,0,1,1,3,1,8,1,3,1,8,1,8,0,5,3
2890 DATA 3,2,9,1,1,3,1,8,1,1,3,1,1,1,8,1,1,2,3
2900 DATA 12,3
2910 '**tableau 29**
2920 DATA "3",1,1,8,4,0,4,8,1,4,1,1,1,6,6,4,4,4,8,1
2930 DATA 3,0,3,2,0,2,3,0,5,3,6,8,7,5,7,7,7,8,3
2940 DATA 3,8,0,3,8,3,0,8,2,3,2,1,7,7,9,5,9,6,3
2950 DATA 1,3,8,1,3,1,8,1,3,0,8,3,2,9,1,2,8,2,3
2960 DATA 8,0
2970 '**tableau 30**
2980 DATA "4",8,1,6,6,8,1,6,1,6,6,4,4,6,8,1,6,1,1,8
2990 DATA 1,3,9,5,4,8,7,3,2,9,7,7,5,1,3,5,4,0,8
3000 DATA 3,6,8,5,9,0,5,4,3,1,9,2,2,3,0,9,2,1,3
3010 DATA 3,2,1,2,1,8,2,2,3,1,8,1,1,3,1,1,8,1,3
3020 DATA 8,1
3030 '**tableau 31**
3040 DATA "5",0,8,1,1,6,6,6,1,6,6,8,6,6,8,1,6,1,6,1
3050 DATA 1,8,1,3,5,9,5,8,7,9,3,7,2,6,3,2,8,5,3
3060 DATA 3,1,8,1,5,1,2,8,2,1,4,5,3,5,0,4,8,7,3
3070 DATA 1,8,1,3,2,3,1,8,1,3,2,2,3,9,0,9,1,2,3
3080 DATA 11,3
3090 '**tableau 32**
3100 DATA "6",8,1,6,1,8,1,4,1,8,0,8,6,1,1,8,6,1,8,4
3110 DATA 8,3,2,3,1,3,2,3,4,0,0,9,3,6,6,2,6,8,2
3120 DATA 0,1,3,1,3,8,3,4,2,1,1,0,1,2,5,3,9,0,0
3130 DATA 8,3,1,0,1,3,8,2,3,0,3,8,3,0,2,3,1,8,0
3140 DATA 9,2
3150 '**tableau 33**
3160 DATA "7",8,1,6,6,6,8,6,1,6,6,8,6,6,6,8,1,6,6,4
3170 DATA 0,0,5,2,9,0,9,3,5,5,0,5,9,5,0,3,2,9,2
3180 DATA 8,1,5,3,0,0,0,3,2,9,0,2,3,9,6,3,6,6,3
3190 DATA 1,3,2,3,1,8,1,3,0,0,8,1,3,1,9,3,2,9,3
3200 DATA 8,2
3210 '**tableau 34**
3220 DATA "8",8,1,1,6,8,6,1,6,6,6,1,6,1,6,1,1,6,1,6
3230 DATA 1,8,3,9,0,2,8,2,5,2,0,5,3,9,0,0,5,3,9
3240 DATA 1,8,3,0,0,4,4,3,9,3,1,9,0,0,1,8,2,3,0
3250 DATA 3,1,3,1,1,9,2,3,1,8,1,3,1,8,3,1,3,1,8
3260 DATA 11,0
3270 '**tableau 35**
3280 DATA "9",8,6,6,6,6,6,8,1,6,6,6,6,6,6,6,6,1,6,8
3290 DATA 0,2,7,7,7,2,0,3,7,2,9,7,7,2,7,7,3,2,6
3300 DATA 8,3,5,9,5,3,0,3,2,8,1,2,2,3,2,9,3,3,9
3310 DATA 1,3,2,8,2,3,8,3,1,8,3,8,0,3,8,0,3,3,8
3320 DATA 12,1
3330 '**tableau 36**
3340 DATA "0",8,1,1,6,6,6,6,6,6,6,6,6,6,1,8,4,1,6,8
3350 DATA 8,3,0,9,2,2,2,2,2,2,2,2,2,3,4,5,3,5,8
3360 DATA 3,1,1,1,8,4,8,3,3,3,3,3,3,8,5,9,3,2,3
3370 DATA 8,3,0,0,0,9,3,3,8,3,3,8,3,3,2,1,1,1,8
3380 DATA 10,2
3390 '**tableau 37**
3400 DATA "-",1,8,1,6,6,6,8,0,8,1,1,1,1,8,0,8,6,1,8
3410 DATA 3,1,8,2,5,5,0,0,0,3,0,0,3,0,0,8,7,4,3
3420 DATA 3,0,0,3,7,7,1,8,1,3,6,6,3,1,1,6,7,7,3
3430 DATA 3,8,0,3,2,9,0,0,0,3,9,9,3,0,0,9,2,9,3
3440 DATA 10,2
3450 '**tableau 38**
3460 DATA "^",1,8,6,6,6,1,8,1,8,1,8,1,8,1,8,4,0,8,1
3470 DATA 3,0,9,5,5,4,1,6,8,1,1,3,4,4,8,2,0,0,3
3480 DATA 3,0,0,9,2,2,3,7,6,6,6,6,7,7,6,6,8,0,3
3490 DATA 3,8,0,8,1,3,1,2,2,2,9,2,2,2,2,2,1,1,3
3500 DATA 10,2
3510 '**tableau 39**
3520 DATA "@",1,8,6,6,6,6,6,1,8,8,8,1,6,6,6,6,8,1,1
3530 DATA 3,1,2,2,2,2,2,1,1,1,1,1,2,2,2,2,1,1,3
3540 DATA 0,3,0,0,0,3,0,0,0,3,0,0,0,3,0,0,0,3,0
3550 DATA 8,3,8,0,8,3,8,0,8,3,8,0,8,3,8,0,8,3,8
3560 DATA 9,2
3570 '**tableau 40**
3580 DATA "[",8,6,6,6,4,4,4,6,1,1,8,1,1,6,4,4,4,4,8
3590 DATA 3,9,2,5,7,9,2,5,3,0,0,0,3,5,2,9,7,7,3
3600 DATA 3,4,3,9,5,4,0,9,3,1,8,1,3,9,0,4,5,5,3
3610 DATA 3,2,8,1,2,2,1,8,0,8,3,8,0,8,1,2,2,2,3
3620 DATA 10,2
5980 'data anti erreur
5990 DATA "erruer"
6000 OUT 242,0:OUT 243,0:OUT 244,78
6010 FOR I=1 TO 125 STEP 3
6020 OUT 242,I:OUT 242,255-I:NEXT I:BEEP 0,2:RETURN
7000 OUT 242,0:OUT 243,0:OUT 244,78
7010 FOR I=1 TO 255 STEP 10
7020 FOR J=255 TO I STEP -11
7030 OUT 242,J:NEXT J,I:BEEP 0,3:RETURN
8000 RESTORE 10000
8002 GOSUB 11000:LOCATE 0,3:PRINT "Press  RETURN  ->";
8005 ON ERROR GOTO 9000
8010 FOR I=1 TO 500
8015 IF INKEY$<>"" THEN 8025
8020 A1=INT(RND(1)*5):PRESET (108+A1,22):PSET (108+A1,20):READ A,B:BEEP A,B
8022 PRESET (108+A1,20):PSET (108+A1,22):NEXT:RETURN
8025 GOSUB 12000
8030 CLS:PRINT "\
Mode de jeu :","\
Dans l'ordre      1)\
";"\
Dans le désordre  2)";
8040 I$=INKEY$:IF I$<>"1" AND I$<>"2" THEN 8040 ELSE REP=VAL(I$)
8050 RETURN
9000 IF SC<5 THEN RESTORE 10000:RESUME 8020 ELSE RESTORE 1240:RESUME 605
9100 I$=INKEY$:IF I$<>"1" AND I$<>"2" THEN 9100
9110 IF I$="1" THEN LR=1240 ELSE LR=2000
9120 RETURN
9200 A1=INT(RND(1)*40)+1:QQ=0
9210 IF A1=1 THEN RESTORE 1240
9220 IF A1=2 THEN RESTORE 1300
9230 IF A1=3 THEN RESTORE 1360
9240 IF A1=4 THEN RESTORE 1420
9250 IF A1=5 THEN RESTORE 1480
9260 IF A1=6 THEN RESTORE 1540
9270 IF A1=7 THEN RESTORE 1600
9280 IF A1=8 THEN RESTORE 1660
9290 IF A1=9 THEN RESTORE 1720
9300 IF A1=10 THEN RESTORE 1780
9310 IF A1=11 THEN RESTORE 1840
9320 IF A1=12 THEN RESTORE 1900
9330 IF A1=13 THEN RESTORE 1960
9340 IF A1=14 THEN RESTORE 2020
9350 IF A1=15 THEN RESTORE 2080
9360 IF A1=16 THEN RESTORE 2140
9370 IF A1=17 THEN RESTORE 2200
9380 IF A1=18 THEN RESTORE 2260
9390 IF A1=19 THEN RESTORE 2320
9400 IF A1=20 THEN RESTORE 2380
9410 IF A1=21 THEN RESTORE 2440
9420 IF A1=22 THEN RESTORE 2500
9430 IF A1=23 THEN RESTORE 2560
9440 IF A1=24 THEN RESTORE 2620
9450 IF A1=25 THEN RESTORE 2680
9460 IF A1=26 THEN RESTORE 2740
9470 IF A1=27 THEN RESTORE 2800
9480 IF A1=28 THEN RESTORE 2860
9490 IF A1=29 THEN RESTORE 2920
9500 IF A1=30 THEN RESTORE 2980
9510 IF A1=31 THEN RESTORE 3040
9520 IF A1=32 THEN RESTORE 3100
9530 IF A1=33 THEN RESTORE 3160
9540 IF A1=34 THEN RESTORE 3220
9550 IF A1=35 THEN RESTORE 3280
9560 IF A1=36 THEN RESTORE 3340
9570 IF A1=37 THEN RESTORE 3400
9580 IF A1=38 THEN RESTORE 3460
9590 IF A1=39 THEN RESTORE 3520
9600 IF A1=40 THEN RESTORE 3580
9920 READ ZB$
9925 IF QQ=1 THEN RETURN
9930 IF SC<5 THEN 9980
9940 IF LEN(ZA$)>24 THEN ZA$=""
9950 FOR I=1 TO LEN(ZA$)
9960 IF MID$(ZA$,I,1)=ZB$ THEN GOTO 9200
9970 NEXT
9980 ZA$=ZA$+ZB$
9990 GOTO 607
10000 DATA 19,5,20,7
10010 DATA 22,5,19,5
10040 DATA 17,6,15,5
10050 DATA 19,4,19,4
10080 DATA 0,15
10090 DATA 19,5,20,5
10100 DATA 22,5,26,6
10130 DATA 24,5,20,5
10150 DATA 17,6
10160 DATA 0,15
10210 DATA 24,6,24,6
10220 DATA 26,6,29,6
10250 DATA 27,6,22,6
10270 DATA 24,6,0,1
10280 DATA 0,1,0,1
10290 DATA 0,15
10300 DATA 24,6,24,6
10310 DATA 26,6,29,6
10340 DATA 27,8,0,1
10350 DATA 0,30
11000 FOR I=1 TO 500:NEXT
11010 LINE (0,14)-(16,14):LINE (4,13)-(4,6):LINE -(12,6):LINE -(12,13)
11020 LINE (5,13)-(5,6):LINE (7,13)-(7,6):LINE (8,13)-(8,6):LINE (9,13)-(9,6)
11030 LINE (10,13)-(10,6):LINE (11,13)-(11,6):PSET (6,7)
11040 LINE (110,3)-(99,14):PSET (111,3):PSET (112,3):PSET (113,4)
11050 PSET (113,5):PSET (112,6)
11060 PSET (115,10):PSET (116,10):PSET (117,10):PSET (114,11):PSET (118,11)
11070 PSET (115,12):PSET (117,12):PSET (116,11):PSET (116,13):PSET (116,12)
11080 LINE (105,21)-(110,26):LINE -(115,21):LINE (110,26)-(110,30)
11090 LINE (108,30)-(112,30):LINE (107,22)-(113,22)
11200 RETURN
12000 CLS:PRINT:PRINT "\
Désirez-vous lire   \
la notice du jeu ?";
12010 I$=INKEY$:IF I$<>"O" AND I$<>"N" THEN 12010
12020 IF I$="N" THEN RETURN
12025 CLS:PRINT:PRINT "\
Appuyez sur 1 touche\
  pour  poursuivre";:GOSUB 13000
12030 CLS:PRINT "\
Ce jeu comporte     \
7 niveaux de jeu,";:GOSUB 13000
12040 CLS:PRINT "\
La bagatelle de     \
40 tableaux !!! ,";:GOSUB 13000
12050 CLS:PRINT "\
Un mode de jeu dans \
l'ordre             \
chronologique";:GOSUB 13000
12060 CLS:PRINT "\
et un mode de jeu ou\
les tableaux sont ..";:GOSUB 13000
12070 CLS:PRINT "\
distribués au hasard\
sans toutefois avoir\
 2 fois...";:GOSUB 13000
12080 CLS:PRINT "\
le même durant les  \
25 premiers tableaux\
...";:GOSUB 13000
12100 CLS:PRINT "\
Il vous faut réussir\
à vous approprier   \
les 15 caisses...";:GOSUB 13000
12110 CLS:PRINT "\
de bijoux, objets   \
d'art...et ce, le...";:GOSUB 13000
12120 CLS:PRINT "\
plus vite possible  \
(pour gagner plus de\
 points )...":GOSUB 13000
12200 RETURN
13000 FOR I=1 TO 1300:IF INKEY$<>"" THEN RETURN ELSE NEXT:RETURN
13100 OUT 242,0:OUT 243,0:OUT 244,78
13110 FOR I=1 TO 3
13120 FOR J=1 TO 16
13130 OUT 243,J:FOR JJ=1 TO 8
13140 NEXT JJ,J,I
13150 OUT 242,0:OUT 243,0:OUT 244,78
13160 FOR I=1 TO 4
13170 FOR J=1 TO 18
13180 OUT 242,255-5*J
13190 NEXT J,I
13200 BEEP 0,1:RETURN
13300 LOCATE 6,2:PRINT "GAME-OVER"
13305 CONSOLE,,,0,0:CONSOLE,,,0,1:'vide-buffer
13310 OUT 242,0:OUT 243,0:OUT 244,78
13320 FOR I=5 TO 170
13330 FOR J=0 TO 2
13340 FOR JJ=80 TO 255 STEP I
13350 OUT 242,JJ
13360 NEXT JJ,J
13370 IF INKEY$<>"" AND I>60 THEN BEEP 0,1:RETURN ELSE NEXT I
13380 BEEP 0,1:RETURN
14000 CLS:INPUT "\
Par quel tableau    \
désirez-vous débuter(1-40)";A1
14010 IF A1<1 OR A1>40 OR INT(A1)<>A1 THEN 14000
14020 QQ=1:GOSUB 9210:QQ=0
14030 RETURN