4 '****************
5 '*  BEACH-HEAD  *
6 '*      SUR     *
7 '*   CANON X-07 *
8 '****************
9 ' ****************
10 '*    AUTEUR:   *
11 '*   STEPHANE   *
12 '*  DOCZEKALSKI *
13 '****************
15 CLS
20 DEFINTA-Z
25 CONSOLE,,,0,0
30 FONT$(128)="120,120,120,120,48,48,48,48"
40 FONT$(129)="0,120,120,120,48,48,48,48"
50 FONT$(130)="0,0,120,120,120,48,48,48"
60 FONT$(131)="0,0,0,120,120,120,48,48"
70 FONT$(132)="0,0,0,0,120,120,120,48"
80 FONT$(133)="0,0,49,48,120,120,252,252"
90 FONT$(134)="0,0,16,56,16,148,112,124"
100 FONT$(135)="0,0,0,192,224,232,252,240"
110 FONT$(136)="0,0,0,0,0,40,124,28"
120 FONT$(137)="0,36,48,124,28,156,252,252"
130 FONT$(138)="0,192,128,192,128,144,248,240"
140 FONT$(139)="0,0,0,12,4,12,60,28"
150 FONT$(140)="0,0,0,192,128,192,240,224"
160 FONT$(141)="0,0,0,0,0,0,0,4"
165 FONT$(142)="0,0,0,0,0,0,0,0"
170 FONT$(143)="0,0,0,0,0,0,12,0"
180 FONT$(144)="0,0,0,0,0,0,128,0"
190 FONT$(145)="0,0,0,0,4,28,0,0"
200 FONT$(146)="0,0,0,0,0,192,0,0"
210 FONT$(147)="0,0,4,12,60,0,0,0"
220 FONT$(148)="0,0,0,128,224,0,0,0"
230 FONT$(149)="0,4,12,8,124,16,0,0"
240 FONT$(150)="0,0,128,128,240,64,0,0"
250 FONT$(151)="4,12,8,60,248,16,0,0"
260 FONT$(152)="0,128,128,224,248,64,0,0"
270 FONT$(153)="40,40,40,40,40,40,40,40"
280 FONT$(154)="0,0,112,32,248,112,0,0"
290 FONT$(155)="0,8,0,40,4,16,4,0"
300 FONT$(156)="64,0,160,128,64,160,0,0"
310 FONT$(157)="0,0,36,128,16,164,120,112"
320 FONT$(158)="0,64,16,4,160,20,120,240"
330 FONT$(225)="0,0,0,60,84,124,60,0"
340 FONT$(224)="0,0,240,224,192,224,128,0"
350 FONT$(225)="48,72,72,48,0,0,0,0"
360 FONT$(226)="128,224,240,240,240,248,248,252"
370 FONT$(227)="0,0,0,100,244,252,232,252"
380 FONT$(228)="252,252,252,252,248,192,192,128"
390 FONT$(229)="192,240,248,240,240,248,240,224"
400 FONT$(230)="252,252,252,252,252,252,108,8"
410 FONT$(231)="60,60,124,60,28,60,124,124" 
420 FONT$(232)="252,252,252,252,252,252,252,252"
430 FONT$(233)="132,236,252,252,252,252,252,252"
440 FONT$(234)="252,252,252,252,252,252,148,0"
441 FONT$(235)="0,0,80,32,80,0,0,0"
442 FONT$(236)="252,252,248,96,0,0,0,0"
443 FONT$(237)="252,124,124,44,4,0,0,0"
444 FONT$(238)="252,252,252,252,100,0,0,0"
445 FONT$(239)="0,0,16,168,252,252,252,252"
446 FONT$(240)="0,0,0,20,124,252,252,252"
447 FONT$(241)="0,8,56,252,120,0,0,0"
448 FONT$(242)="136,36,72,52,148,100,0,0"
449 FONT$(243)="0,0,4,4,12,12,28,28"
450 FONT$(244)="0,0,128,128,192,192,224,224"
460 FONT$(245)="8,0,4,16,8,8,4,24"
470 FONT$(246)="0,4,80,12,176,72,20,220"
490 FONT$(247)="32,128,144,64,40,128,32,176"
500 FORI=1TO161
510 READX,Y:BEEPINT(RND(1)*20)+5,1:Y=Y-2
520 PSET(X,Y):PSET(X+1,Y):PSET(X,Y+1):PSET(X+1,Y+1)
530 NEXT:LOCATE7,0:PRINT"SPHINX":LOCATE5,3:PRINT"PRODUCTION";
540 DATA27,11,49,13,65,17,105,17,81,11,43,11,5,17,39,23
550 DATA15,17,43,23,109,21,97,19,15,11,37,15,73,21,57,21
560 DATA3,11,75,17,115,13,57,15,33,17,7,23,89,17,99,11
570 DATA73,13,25,17,1,21,69,17,109,13,89,23,37,19,19,23
580 DATA115,21,93,23,55,17,17,17,1,13,89,11,113,23,33,21
590 DATA13,21,9,19,49,19,81,17,109,17,81,23,61,17,33,15
600 DATA3,17,57,11,13,23,85,23,105,21,73,15,25,21,45,21
610 DATA97,13,113,11,97,23,51,17,31,17,1,23,21,11,81,15
620 DATA99,17,117,19,63,17,37,13,33,13,7,11,25,19,79,17
630 DATA85,19,101,17,57,17,37,21,73,19,27,17,15,23,3,23
640 DATA87,23,117,15,91,23,57,19,33,19,21,23,9,15,37,17
650 DATA49,15,67,17,105,13,109,11,81,19,17,11,13,15,45,13
660 DATA39,11,73,11,85,13,103,11,109,15,41,23,25,13,9,13
670 DATA1,15,13,13,77,17,85,15,97,15,109,19,1,17,13,19
680 DATA25,15,49,21,73,17,91,17,29,17,19,17,5,23,81,21
690 DATA97,21,111,23,85,11,49,11,33,23,17,23,7,17,73,23
700 DATA117,17,97,17,53,17,41,11,29,11,13,17,5,11,57,23
710 DATA81,13,93,11,105,15,109,23,85,15,49,23,31,11,19,11
720 DATA57,13,87,11,103,17,111,11,13,11,9,21,49,17,91,11
730 DATA101,11,85,21,25,23,1,19,87,17,1,11
740 DATA85,17,105,19,105,23
1000 B=6:RESTORE1010:FORI=1TO45:READA
1003 IFA<0THENA=ABS(A):B=12
1005 BEEPA,B:B=6:NEXT
1010 DATA18,15,0,15,16,18,27,0,27,0,-23,0
1020 DATA18,15,0,15,16,15,18,0,18,0,-16,0
1030 DATA16,13,0,20,22,20,23,18,0
1040 DATA18,16,15,13,20,0,11,10,18,0,18,-11
2000 LOCATE 1,3:PRINT"SPHINX-PRODUCTION";:PRINT:CLOAD