FONT$(128)="48,48,0,120,180,48,72,72"
FONT$(129)="0,0,168,80,168,80,168,0"
FONT$(130)="112,248,168,216,248,248,216,0"
FONT$(224)="0,0,0,0,0,16,48,120"
FONT$(225)="32,112,248,32,0,32,0,168"
FONT$(226)="0,0,0,0,0,64,96,240"
FONT$(227)="48,16,0,0,0,0,0,0"
FONT$(228)="0,32,0,32,248,112,32,0"
FONT$(229)="96,64,0,0,0,0,0,0"
FONT$(230)="0,112,96,80,8,0,16,48"
FONT$(231)="0,32,112,248,32,32,0,112"
FONT$(232)="0,112,48,80,128,0,64,96"
FONT$(233)="124,48,16,0,8,80,96,112"
FONT$(234)="84,112,0,32,32,248,112,32"
FONT$(235)="240,96,64,0,128,80,48,112"
FONT$(140)="24,8,12,0,4,28,60,124"
FONT$(141)="64,64,64,160,224,240,248,248"
FONT$(142)="0,0,0,0,0,0,0,0"
FONT$(143)="220,180,100,0,0,4,8,16"
FONT$(144)="248,252,252,252,252,0,16,48"
FONT$(145)="0,0,0,0,128,128,64,64"
FONT$(146)="32,32,16,8,4,0,0,4"
FONT$(147)="80,144,72,36,144,72,248,248"
FONT$(148)="64,64,32,32,144,104,60,124"
FONT$(150)="48,180,132,120,48,48,72,132"
FONT$(151)="24,24,64,60,112,112,160,160"
FONT$(152)="48,48,0,120,180,48,72,72"
FONT$(153)="96,96,8,240,56,56,20,20"
