20 FONT$(128)="252,252,252,252,252,252,252,252"
21 FONT$(129)="0,0,0,0,252,252,252,252"
22 FONT$(130)="0,0,0,0,0,0,0,0"
23 FONT$(131)="0,0,252,0,0,0,0,0"
24 FONT$(132)="252,0,0,0,0,0,252,252"
25 FONT$(133)="252,0,0,0,0,0,128,0"
26 FONT$(134)="0,0,0,0,252,0,0,0"
27 FONT$(135)="252,0,0,0,0,0,0,0"
28 FONT$(136)="0,0,0,0,0,0,252,252"
29 FONT$(137)="12,12,12,12,12,12,12,12"
30 FONT$(138)="140,140,140,140,140,140,140,140"
31 FONT$(139)="252,128,128,128,128,128,128,128"
32 FONT$(140)="128,128,128,128,128,128,252,252"
33 FONT$(141)="0,0,0,0,0,0,140,140"
34 FONT$(142)="140,0,0,0,0,0,0,0"
35 FONT$(143)="140,0,0,0,0,0,252,252"
36 FONT$(144)="120,252,252,124,52,52,52,116"
37 FONT$(145)="252,252,0,0,0,0,252,252"
38 FONT$(146)="128,128,128,128,252,252,252,252"
39 FONT$(147)="252,0,0,0,0,0,248,112"
40 FONT$(147)="128,128,128,128,140,140,140,140"
41 FONT$(148)="252,12,12,12,12,12,12,12"
42 FONT$(149)="0,0,252,252,252,252,252,252"
43 FONT$(150)="252,0,0,0,0,0,252,124"
44 FONT$(151)="0,0,0,0,124,124,124,124"
45 FONT$(152)="0,0,0,0,0,0,252,124"
46 FONT$(153)="0,0,0,0,0,0,252,248"
47 FONT$(154)="252,0,0,0,0,0,252,248"
48 FONT$(155)="248,248,248,248,248,248,248,248"
49 FONT$(156)="0,0,0,0,0,0,132,4"
50 FONT$(157)="248,248,248,248,248,248,252,252"
51 FONT$(158)="140,140,0,0,0,0,252,252"
52 FONT$(224)="252,128,128,128,128,128,140,140"
53 FONT$(225)="128,128,252,248,248,248,248,248"
54 FONT$(226)="252,4,4,4,4,4,4"
55 FONT$(227)="128,128,128,128,128,128,128,128"
56 FONT$(228)="0,0,0,0,128,128,128,128"
57 FONT$(229)="140,0,0,0,0,0,248,112"
58 FONT$(230)="0,0,0,0,0,0,252,0"
59 FONT$(231)="140,140,128,128,128,128,252,252"
60 FONT$(232)="4,4,4,4,4,4,4,4"
61 FONT$(233)="252,248,248,248,248,248,252,252"
62 FONT$(234)="140,140,140,220,172,220,140,140"
