FONT$(140)="0,0,0,32,48,252,120,0
FONT$(141)="0,0,0,16,48,252,56,0
FONT$(142)="0,0,0,0,0,0,0,252
FONT$(143)="0,0,12,92,252,124,60,252
FONT$(144)="0,12,28,188,252,252,252,252
FONT$(145)="0,0,144,216,252,248,240,252
FONT$(146)="0,0,0,8,60,80,60,252
FONT$(147)="0,4,12,156,144,220,120,252
FONT$(148)="0,0,0,144,60,240,224,252
FONT$(149)="0,0,8,28,60,252,124,252
FONT$(150)="0,0,0,16,184,252,248,252
FONT$(151)="0,0,0,8,60,244,104,252
FONT$(152)="0,0,0,0,144,216,240,252
FONT$(153)="0,0,0,0,0,32,32,0
FONT$(154)="0,4,8,0,48,28,104,0
FONT$(155)="0,0,0,0,0,48,48,0
