9 CLS:LOCATE 2,1:PRINT "VEUILLEZ":LOCATE 5,2:PRINT "PATIENTER..."
10 CONSOLE ,,,0,0
11 RESTORE 20
12 FOR I=J+128 TO K+159
13 READ A,B,C,D,E,F,G,H
14 FONT$(I)="A,B,C,D,E,F,G,H"
15 NEXT I
16 IF J=96 THEN 75
17 J=96:K=75
18 GOTO 12
##128
20 DATA 252,252,252,252,252,252,252,252
21 DATA 0,0,0,0,252,252,252,252
22 DATA 0,0,0,0,0,0,0,0
23 DATA 0,0,252,0,0,0,0,0
24 DATA 252,0,0,0,0,0,252,252
25 DATA 252,0,0,0,0,0,128,0
26 DATA 0,0,0,0,252,0,0,0
27 DATA 252,0,0,0,0,0,0,0
28 DATA 0,0,0,0,0,0,252,252
29 DATA 12,12,12,12,12,12,12,12
30 DATA 140,140,140,140,140,140,140,140
31 DATA 252,128,128,128,128,128,128,128
32 DATA 128,128,128,128,128,128,252,252
33 DATA 0,0,0,0,0,0,140,140
34 DATA 140,0,0,0,0,0,0,0
35 DATA 140,0,0,0,0,0,252,252
36 DATA 120,252,252,124,52,52,52,116
37 DATA 252,252,0,0,0,0,252,252
38 DATA 128,128,128,128,252,252,252,252
39 DATA 252,0,0,0,0,0,248,112
40 DATA 128,128,128,128,140,140,140,140
41 DATA 252,12,12,12,12,12,12,12
42 DATA 0,0,252,252,252,252,252,252
43 DATA 252,0,0,0,0,0,252,124
44 DATA 0,0,0,0,124,124,124,124
45 DATA 0,0,0,0,0,0,252,124
46 DATA 0,0,0,0,0,0,252,248
47 DATA 252,0,0,0,0,0,252,248
48 DATA 248,248,248,248,248,248,248,248
49 DATA 0,0,0,0,0,0,132,4
50 DATA 248,248,248,248,248,248,252,252
##96+128= 224
51 DATA 140,140,0,0,0,0,252,252
52 DATA 252,128,128,128,128,128,140,140
53 DATA 128,128,252,248,248,248,248,248
54 DATA 252,4,4,4,4,4,4
55 DATA 128,128,128,128,128,128,128,128
56 DATA 0,0,0,0,128,128,128,128
57 DATA 140,0,0,0,0,0,248,112
58 DATA 0,0,0,0,0,0,252,0
59 DATA 140,140,128,128,128,128,252,252
60 DATA 4,4,4,4,4,4,4,4
61 DATA 252,248,248,248,248,248,252,252
## 235
62 DATA 140,140,140,220,172,220,140,140
70 FOR I=1 TO 1000:NEXT:CLS:RETURN
75 FONT$(239)="16,32,112,136,248,128,120,0"
76 FONT$(236)="64,32,112,136,248,128,120,0"
77 FONT$(237)="64,32,112,8,120,136,120,0"
78 FONT$(238)="48,72,48,8,56,72,56,0"
80 CLS:PRINT "Nicolas ALLAIRE":LOCATE 6,2:PRINT "pr§EFsente...":GOSUB 70
81 RESTORE 90
82 FOR I=1 TO 90
83 READ A,B,C,D
84 LINE (A,B)-(C,D)
85 NEXT
86 FOR I=1 TO 22
87 READ A,B:PSET (A,B):NEXT
88 CIRCLE (99,20),1
90 DATA 10,9,16,3,16,3,20,3,20,3,14,9,17,9,23,3,24,3,24,6,25,6,28,3,28,3,30,3
91 DATA 13,6,17,6
92 DATA 30,3,24,9,27,9,33,3,33,3,37,3,30,6,34,6,27,9,31,9,34,9,40,3,40,3,44,3
94 DATA 44,3,41,6,41,6,41,9,37,6,41,6,47,3,52,3,49,4,45,8,43,9,47,9,50,9,56,3
96 DATA 57,3,57,5,56,6,56,7,55,8,55,9,56,9,62,3,59,9,65,3,59,9,64,9,65,3,70,3
98 DATA 67,9,73,3,73,7,77,3,77,3,71,9,70,6,74,6,78,12,82,8,82,8,85,8,78,12,82,12
99 DATA 73,3,77,3
100 DATA 82,12,84,10,84,10,82,10,85,12,89,8,89,8,93,8,93,8,89,12,89,12,85,12
102 DATA 96,8,92,12,92,12,95,12,98,12,102,8,102,8,104,8,98,12,101,12
103 DATA 101,12,102,11
104 DATA 103,11,105,9,0,21,2,19,2,18,3,17,3,16,4,15,4,15,6,17,6,18,7,19
106 DATA 0,27,4,23,5,23,12,16,12,15,15,12,16,12,18,14,18,14,18,16,18,16,21,19
108 DATA 12,31,17,26,17,25,19,23,19,22,23,18,26,20,37,31,27,20,35,12,35,12,42,19
110 DATA 35,27,40,22,40,22,48,13,48,13,51,16,51,17,53,19,54,22,60,28,59,26,61,24
112 DATA 58,31,72,17,77,19,81,23,81,24,88,31,85,26,87,24,87,24,93,31
114 DATA 0,0,0,31,0,31,119,31,119,31,119,0,119,0,0,0
116 DATA 100,31,107,24
118 DATA 108,24,115,31,101,31,107,25,108,25,114,31,106,27,109,27,102,31,105,28
120 DATA 110,28,113,31,105,29,110,29,103,31,112,31
122 DATA 23,17,24,16,25,17,25,18,26,19,53,20,54,21,62,25,72,16,73,15,74,13
124 DATA 75,13,76,14,76,15,76,16,77,17,77,18,104,30,111,30,73,14
200 FOR J=1 TO 2
205 RESTORE 250
210 FOR I=1 TO 54
220 READ A,B:BEEP A+2,B+2
230 NEXT I:NEXT J
250 DATA 10,2,15,3,15,1,15,2,15,1,17,1,18,6,17,1,15,1,13,3
251 DATA 13,1,13,2,12,1,15,1,13,3,10,1,10,2,10,2,15,3,15,1,15,2
252 DATA 15,1,17,1,18,3,18,1,18,2,17,1,15,1,13,3,13,1,13,2
253 DATA 12,1,15,1,13,3,10,1,10,2,5,2,6,1,8,3,8,1,8,2,6,1,8,1
254 DATA 10,3,10,1,10,2,5,1,6,1,8,3,8,1,8,2,6,1,8,1,10,4
260 LOCATE 5,2:PRINT "          "
261 LINE (28,14)-(28,24):LINE -(90,24):LINE -(90,14):LINE -(28,14)
262 RESTORE 265
263 FOR I=1 TO 8
264 READ A,B:PRESET (A,B):NEXT
265 DATA 29,18,32,15,38,15,46,15,50,15,73,15,76,15,29,23
266 LOCATE 7,2:PRINT "R§ECgles"
267 A$=INKEY$
268 IF A$="O" THEN GOTO 500
269 IF A$="N" THEN GOTO 700
270 GOTO 267
500 DIM C$(13):LOCATE 7,2:PRINT "      "
510 C$(1)="         Amerinca Gold vous entraine au fin fond d'un ancien."
520 C$(2)=".........temple Inca §ED l'int§EFrieur duquel vous allez devoir."
530 C$(3)=".........retrouver leur tr§EFsor......Pour monter il faut vous."
540 C$(4)="...........trouver sous un point allum§EF §ED la deuxi§ECme ligne."
545 C$(5)="..........et appuyer sur la touche haut du joystick."
550 C$(6)=".........Pour descendre il suffit de sauter dans le vide."
560 C$(7)="............Les points du graphique repr§EFsentent des poutres."
565 C$(8)="...........sur lesquelles vous pouvez sauter pour progresser."
570 C$(9)="............Mais m§EFfiez-vous de certaines de ces poutres qui."
575 C$(10)=".........Apr§ECs des ann§EFes pass§EFes dans cette atmosph§ECre humide."
580 C$(11)="............sont devenues glissantes et risquent fort de vous."
585 C$(12)=".........couter la vie...les d§EFplacements gauche droite se font."
586 C$(13)="..........gr§EEce au joystick....Pour rejouer appuyez sur F6 "
600 FOR I=1 TO 13
610 C$=C$(I)
620 FOR J=1 TO 63
630 B$=MID$(C$,J,10)
640 LOCATE 5,2:PRINT B$
650 NEXT J,I
700 Z$(1)="          Je charge donc la suite du programme "
701 Z$(2)="         Appuyez sur F5 apr§ECs apparition du curseur "
702 Z$(3)="          BONNE CHANCE Aventurier "
704 FOR J=1 TO 3
705 FOR I=1 TO 60
706 X$=MID$(Z$(J),I,10)
707 LOCATE 5,2:PRINT X$:NEXT I,J
708 CLS:LOCATE 3,2:PRINT "Patientez...",,"Chargement ";CHR$(34);"AMER2";CHR$(34)
709 CLOAD"AMER2"
800 FOR I=224 TO 255:PRINT CHR$(I);" ";:NEXT
