
## Machine code. "logo"
## $1004 - $1318
[ASM ORG(&h1004) HEX:\
21,D2,10,3E,11,77,E5,CD,\
16,10,E1,3E,12,77,CD,16,\
10,C9,06,30,21,3B,10,C5,\
23,7E,32,39,10,23,7E,32,\
3A,10,E5,CD,CC,10,E1,23,\
7E,32,39,10,E5,CD,CC,10,\
E1,C1,10,E3,C9,3F,00,00,\
23,1F,54,24,1B,53,27,13,\
50,2C,0C,4B,32,09,45,39,\
07,3E,22,1F,55,23,1A,54,\
26,12,51,2B,0B,4C,32,08,\
45,39,06,3E,21,1F,56,22,\
1A,55,25,12,52,2B,0A,4C,\
31,07,46,39,05,3E,20,1F,\
57,21,1A,56,24,11,53,2A,\
09,4D,31,06,46,39,04,3E,\
1F,1F,58,20,1A,57,23,11,\
54,29,08,4E,31,05,46,38,\
03,3F,1E,1F,59,1F,1A,58,\
22,10,55,28,07,4F,30,04,\
47,38,02,3F,1D,1F,5A,1E,\
19,59,21,0F,56,28,06,4F,\
30,03,47,38,01,3F,1C,1F,\
5B,1D,19,5A,20,0F,57,27,\
05,50,2F,02,48,38,00,3F,\
21,39,10,06,02,3E,12,0E,\
00,CD,2F,C9,C9,3E,00,32,\
39,10,32,3A,10,21,34,11,\
06,00,0E,00,C5,23,3E,7F,\
32,17,11,7E,CD,15,11,3A,\
17,11,D6,08,FE,3F,20,F0,\
C1,0C,79,FE,0F,20,E5,04,\
78,FE,20,C8,E5,21,3A,10,\
34,3E,00,32,39,10,E1,18,\
D1,E5,CB,47,20,0A,3E,12,\
32,D2,10,CD,2B,11,E1,C9,\
3E,11,32,D2,10,18,F4,E5,\
CD,CC,10,E1,21,39,10,34,\
C9,A0,00,00,00,00,00,00,\
00,00,00,00,00,00,00,05,\
A0,06,00,78,00,00,00,00,\
00,00,00,01,80,38,05,40,\
1F,80,FE,00,00,00,00,00,\
00,00,03,C0,FC,07,40,3B,\
C1,F0,00,00,00,00,00,00,\
00,07,C1,FE,05,40,40,E3,\
C0,00,00,00,00,00,00,00,\
0C,E3,C2,05,04,3C,67,00,\
00,00,00,00,00,00,00,08,\
66,00,50,0A,7F,36,00,00,\
00,00,00,00,00,00,00,6E,\
00,50,0A,FF,94,3C,00,00,\
00,00,00,00,00,3C,29,F8,\
50,0A,E1,FC,FF,00,00,00,\
FF,00,00,00,FF,3B,FE,50,\
05,80,7F,FF,C0,00,0F,00,\
F0,00,03,FF,FF,FF,20,A1,\
00,3F,80,E0,00,30,E7,0C,\
00,07,81,FE,01,03,E1,00,\
7E,00,00,00,CE,42,73,00,\
0C,00,7E,00,04,E0,03,FF,\
80,00,03,04,42,40,C0,00,\
01,F7,00,05,E0,0F,8B,E0,\
00,04,A4,42,72,20,00,03,\
D3,C0,05,A0,1F,09,F0,00,\
08,A4,47,15,10,00,07,91,\
E0,02,06,3E,08,F0,00,10,\
EE,00,75,08,00,0F,10,F0,\
50,08,7C,08,78,00,24,A0,\
00,05,74,00,0E,10,78,50,\
0A,78,18,38,00,4A,A0,00,\
02,42,00,1E,10,38,50,0A,\
F0,18,1C,00,8E,00,00,00,\
71,00,1C,10,1C,50,04,E0,\
38,0C,01,8A,04,E7,70,41,\
00,38,18,0C,20,A0,C0,38,\
06,01,0A,0C,A5,40,40,80,\
30,18,04,03,A0,80,38,02,\
01,00,04,E7,70,00,80,30,\
18,00,04,A0,00,70,00,02,\
E0,04,25,10,07,40,20,18,\
00,06,A0,00,70,00,02,40,\
04,25,10,02,40,00,1C,00,\
04,40,00,F0,00,04,40,0E,\
E7,70,02,20,00,0C,00,03,\
06,00,F0,00,04,40,00,00,\
00,02,20,00,0E,00,30,08,\
01,F0,00,04,00,00,00,00,\
00,20,00,0F,00,40,0C,01,\
E0,00,05,4C,CE,E7,57,72,\
A0,00,07,80,20,08,03,E0,\
00,08,8A,A8,84,72,41,10,\
00,07,C0,10,06,03,E0,00,\
09,CC,CC,E6,72,63,90,00,\
03,E0,60,00,07,C0,00,08,\
88,A8,24,72,41,10,00,03,\
F0,00,00,0F,C0,00,09,48,\
AE,E7,52,72,90,00,01,FC,\
00,21,27,13,06 ]


## Machine code. "ghost"
## $0553 - $0E6C

,24,C5,01,\
00,09,3E,1A,CD,2F,C9,C1,\
10,F4,C9,80,FF,FF,FF,FF,\
FF,FF,FF,FF,81,80,80,C0,\
E0,F0,F8,FF,FF,82,04,04,\
0C,1C,3C,7C,FF,FF,83,84,\
FF,84,FF,84,FF,84,FF,84,\
00,00,00,00,00,00,00,FF,\
8F,FF,CC,84,94,84,84,AC,\
FF,90,80,B0,F8,E8,F8,F8,\
D4,FF,91,04,34,7C,6C,7C,\
7C,D4,FF,92,84,B4,FF,EC,\
FF,FF,D4,FF,93,00,30,78,\
68,78,78,50,FF,94,FF,CC,\
84,A4,84,84,D4,FF,95,80,\
B0,F8,D8,F8,F8,A8,FF,96,\
04,34,7C,5C,7C,7C,AC,FF,\
97,84,B4,FF,DC,FF,FF,AC,\
FF,98,00,30,78,58,78,78,\
28,FF,85,FF,84,00,00,08,\
00,50,FF,86,80,F8,FF,F4,\
FF,FF,A8,FF,87,04,7C,FF,\
F4,FF,FF,AC,FF,88,84,FF,\
FF,F4,FF,FF,AC,FF,89,00,\
78,FF,F4,FF,FF,A8,FF,8A,\
FF,84,00,40,00,00,AC,FF,\
8B,80,F8,FF,BC,FF,FF,D4,\
FF,8C,04,7C,FF,BC,FF,FF,\
54,FF,8D,84,FF,FF,BC,FF,\
FF,D4,FF,8E,00,78,FF,BC,\
FF,FF,58,FF,E2,00,00,00,\
00,00,30,78,FF,E7,00,00,\
00,00,00,30,78,FF,E3,84,\
94,A4,FF,B4,AC,C4,FF,E8,\
84,A4,94,FF,B4,D4,8C,FF,\
E9,00,20,10,78,34,50,08,\
FF,E4,00,10,20,78,B0,28,\
40,FF,EA,70,F8,00,00,00,\
00,00,FF,EB,20,70,F8,00,\
00,00,00,FF,EC,20,20,70,\
F8,00,00,00,FF,ED,70,20,\
20,70,F8,00,00,FF,ED,00,\
20,70,20,20,70,F8,FF,CA,\
16,03,3E,FF,D3,F4,AF,D3,\
F3,4A,3E,FF,D3,F2,3E,FF,\
D3,F4,06,40,10,FE,AF,D3,\
F4,3E,0F,06,FF,10,FE,3D,\
20,F9,0D,20,E9,C9,3E,01,\
1E,50,47,E5,C5,D5,3E,01,\
D3,F3,3E,B0,D3,F2,3E,FF,\
D3,F4,3E,05,06,00,10,FE,\
3D,20,F9,AF,D3,F4,3E,05,\
06,00,10,FE,3D,20,F9,1D,\
20,E4,D1,D5,3E,10,06,00,\
10,FE,3D,20,F9,1D,20,F4,\
D1,C1,10,C8,E1,C9,C5,3E,\
00,D3,F3,C1,C5,AF,2F,D3,\
F4,AF,D3,F2,C1,C5,10,FE,\
3C,20,F7,C1,0D,20,ED,D3,\
F4,C9,3E,00,32,39,10,32,\
0E,11,32,3A,10,3E,05,32,\
00,11,06,00,21,20,15,CD,\
E6,10,3E,58,32,39,10,32,\
0E,11,3E,00,32,3A,10,3E,\
04,32,00,11,06,00,21,C1,\
15,CD,E6,10,C9,00,03,FF,\
E0,00,00,0C,1C,A0,00,00,\
10,69,10,00,00,20,91,10,\
00,00,41,22,08,00,00,81,\
22,08,00,00,82,44,08,00,\
01,04,44,04,00,02,08,88,\
04,00,02,10,88,04,00,04,\
20,88,18,00,08,4F,90,38,\
00,10,50,50,04,00,10,A0,\
20,04,00,20,A0,20,02,00,\
C1,20,10,01,00,01,20,0C,\
01,00,02,10,4B,02,00,02,\
0F,E8,C4,00,04,10,98,24,\
00,04,10,88,38,00,08,21,\
08,26,F0,08,41,08,21,08,\
10,42,04,38,04,20,82,04,\
44,04,01,04,04,4A,04,01,\
08,04,4A,04,02,10,04,71,\
28,02,10,0C,40,F0,04,20,\
0C,40,30,08,20,14,40,18,\
10,20,14,40,0C,00,00,03,\
FF,FF,00,03,EF,FF,00,03,\
EF,FF,00,03,CF,FF,00,03,\
9F,FF,00,0C,7F,FF,00,13,\
7F,FF,00,32,FF,FF,00,43,\
3F,FF,00,83,DF,FF,00,83,\
DF,FF,01,03,EF,FF,01,23,\
EF,FF,01,53,EF,FF,01,23,\
EF,FF,00,83,EF,FF,00,83,\
DF,FF,00,83,EF,FF,03,03,\
EF,FF,04,03,F7,FF,04,03,\
F7,FF,08,03,FB,FF,08,03,\
FB,FF,08,03,FB,FF,08,E3,\
FB,FF,07,43,FB,FF,00,83,\
FD,FF,01,03,FE,7F,02,03,\
FF,BF,01,83,FF,CF,00,7F,\
FF,F3,00,03,FF,FE,3E,20,\
32,39,10,32,0E,11,AF,32,\
3A,10,3E,08,32,00,11,3E,\
09,32,06,11,06,00,21,9E,\
16,CD,E6,10,3E,20,32,39,\
10,32,0E,11,3E,09,32,3A,\
10,3E,01,32,00,11,3E,0B,\
32,06,11,21,E6,16,06,00,\
CD,E6,10,3E,28,32,39,10,\
32,0E,11,3E,0A,32,3A,10,\
3E,07,32,00,11,3E,16,32,\
06,11,06,00,21,F1,16,CD,\
E6,10,C9,7F,FF,FF,FF,FF,\
]

## Machine code.
[ASM ORG(&h1704) HEX:\
FF,FF,C1,E0,00,00,00,00,\
00,E1,64,88,44,46,EA,6E,\
C1,2A,88,A4,A8,8E,88,80,\
6E,88,A4,EA,EE,8C,C0,EA,\
88,A0,AA,8E,88,E0,6A,EE,\
44,A6,EA,6E,C3,20,00,00,\
00,00,00,84,66,A4,6E,CA,\
6E,EC,C4,E8,AA,84,AA,84,\
8A,E8,6A,EA,44,CA,44,CC,\
C8,2A,AA,24,AA,24,8A,88,\
64,A4,C4,C4,C4,EA,C8,E0,\
00,00,00,00,00,E7,6C,4A,\
E4,AC,40,00,C0,2A,AE,2A,\
EA,40,00,81,6C,AE,2A,EC,\
40,00,C2,EA,AE,AA,EA,00,\
00,E1,6C,4A,44,AA,49,24,\
C0,20,00,00,00,00,00,80,\
3E,20,32,39,10,32,0E,11,\
3E,02,32,3A,10,3E,08,32,\
00,11,3E,05,32,06,11,06,\
00,21,DE,17,CD,E6,10,3E,\
28,32,39,10,32,0E,11,3E,\
0E,32,3A,10,3E,06,32,00,\
11,3E,11,32,06,11,21,06,\
18,06,00,CD,E6,10,3E,0F,\
32,00,11,3E,0E,32,E6,10,\
3E,00,32,0E,11,3E,20,32,\
06,11,C9,AA,82,A8,39,2B,\
92,B9,10,AB,82,B8,22,B9,\
2B,A1,08,AB,82,B8,32,B9,\
2A,B1,08,AB,82,B8,23,B9,\
2A,A0,08,92,81,28,22,A9,\
12,B9,08,6A,E0,A4,A6,0E,\
A0,2E,80,AA,A8,08,E0,6E,\
C0,AA,A4,0C,E0,EE,80,4A,\
A2,08,E0,6A,E0,44,4C,0E,\
A0,20,00,00,00,00,00,6E,\
4E,EE,60,C4,60,E8,A4,48,\
80,AA,80,6C,A4,4C,40,CA,\
40,28,E4,48,20,8E,20,68,\
AE,4E,C0,8A,C0,E0,00,00,\
00,00,00,64,A0,4C,67,57,\
24,2A,E0,AA,52,54,24,6A,\
E0,AC,62,56,24,EA,E0,EA,\
52,24,00,64,A0,AA,57,27,\
24,01,12,01,11,65,02,01,\
12,01,11,01,0E,65,05,0A,\
7A,18,00,1D,00,1D,03,00,\
05,00,00,00,00,00,00,2A,\
6F,18,CD,B4,18,1A,21,71,\
18,86,2A,6F,18,22,B8,00,\
CD,BE,C1,2A,6D,18,CD,B4,\
18,1A,21,72,18,96,2A,6D,\
18,22,B8,00,CD,BE,C1,C9,\
C5,E5,45,4C,21,00,00,11,\
14,00,19,10,FD,09,11,FF,\
01,19,EB,E1,C1,C9,ED,44,\
C9,2A,7C,18,ED,5F,FE,40,\
38,13,FE,7F,38,17,FE,BF,\
38,1A,14,3E,05,77,3E,14,\
BA,C0,16,01,C9,3E,0A,77,\
15,C0,16,13,C9,7E,77,1D,\
C0,1E,04,C9,1C,7E,77,3E,\
05,BB,C0,1E,01,C9,2D,C9,\
24,3E,60,32,71,18,32,79,\
18,3E,1C,18,0B,25,3E,65,\
32,71,18,32,79,18,3E,1D,\
32,7F,18,C3,39,1B,3A,79,\
18,32,71,18,3E,1F,18,F0,\
00,00,00,00,00,0A,06,FF,\
00,00,00,10,FB,C9,21,7A,\
18,7E,32,84,18,32,72,18,\
22,7C,18,2A,73,18,ED,5B,\
75,18,3E,FF,BB,28,DF,ED,\
53,6D,18,7C,92,DC,CA,18,\
FE,05,30,55,47,7D,93,DC,\
CA,18,FE,02,30,4B,B8,30,\
38,7C,92,38,05,14,3E,05,\
18,03,15,3E,0A,32,7A,18,\
7C,BA,28,3C,D5,62,6B,CD,\
B4,18,1A,D1,FE,99,30,04,\
FE,85,30,7A,ED,53,75,18,\
ED,53,6F,18,3A,7A,18,32,\
71,18,CD,C3,19,CD,8B,18,\
C9,7D,93,38,06,1C,3A,7A,\
18,18,CA,1D,3A,7A,18,18,\
C4,E5,CD,CD,18,E1,18,C0,\
7D,BB,CA,E6,19,18,BD,62,\
6B,CD,B4,18,1A,FE,E2,28,\
03,FE,E7,C0,ED,53,6F,18,\
1E,FF,ED,53,75,18,01,01,\
FF,CD,D2,14,3E,00,32,71,\
18,C9,06,04,2A,73,18,3E,\
E9,CD,F8,19,10,FB,3E,01,\
32,86,18,C9,22,B8,00,3C,\
CD,BE,C1,F5,C5,01,03,96,\
CD,D2,14,C1,F1,C9,3A,84,\
18,32,7A,18,C9,21,7B,18,\
22,7C,18,7E,32,84,18,C6,\
0A,32,72,18,2A,73,18,ED,\
5B,77,18,3E,FF,BB,CA,32,\
19,ED,53,6D,18,7C,92,DC,\
CA,18,FE,05,30,75,47,7D,\
93,DC,CA,18,FE,02,30,6B,\
B8,30,49,7C,92,30,11,14,\
3E,14,BA,CC,56,1A,3E,05,\
18,0C,16,01,C9,16,13,C9,\
15,CC,59,1A,3E,0A,32,7B,\
18,7C,BA,28,4D,D5,62,6B,\
CD,B4,18,1A,D1,FE,99,30,\
04,FE,85,30,67,ED,53,77,\
18,ED,53,6F,18,3A,7B,18,\
C6,0A,32,71,18,CD,BD,1A,\
CD,8B,18,C9,7D,93,30,12,\
1C,3E,05,BB,CC,A0,1A,3A,\
7B,18,18,C2,1E,01,C9,1E,\
04,C9,1D,CC,A3,1A,3A,7B,\
18,18,B3,E5,CD,CD,18,E1,\
18,AF,7D,BB,CA,E6,19,18,\
AC,62,6B,CD,B4,18,1A,FE,\
E2,28,03,FE,E7,C0,ED,53,\
6F,18,1E,FF,ED,53,77,18,\
01,01,FF,CD,D2,14,3E,00,\
32,71,18,C9,3A,84,18,32,\
7B,18,C9,2A,73,18,22,6D,\
18,3A,79,18,32,72,18,3E,\
00,32,80,18,3A,81,18,FE,\
1C,28,13,FE,1D,28,4C,FE,\
1E,28,67,FE,1F,CA,89,1B,\
FE,20,CA,DF,1B,C9,24,3E,\
14,BC,CA,D9,1B,CD,B4,18,\
1A,FE,80,CA,D9,1B,FE,81,\
CA,D9,1B,FE,82,CC,02,19,\
3E,1C,32,7F,18,3E,60,32,\
71,18,32,79,18,CD,B4,18,\
1A,FE,85,D2,E6,19,22,73,\
18,22,6F,18,CD,8B,18,CD,\
6C,14,C9,25,CA,D6,1B,CD,\
B4,18,1A,FE,80,28,7B,FE,\
82,CA,D6,1B,FE,81,CC,02,\
19,3E,1D,32,7F,18,3E,65,\
18,C5,2D,28,6B,2C,CD,B4,\
18,1A,FE,E3,28,04,FE,E8,\
20,43,2D,3E,1E,32,7F,18,\
3A,79,18,18,AA,2C,3E,05,\
BD,28,44,CD,B4,18,1A,FE,\
80,28,3C,FE,84,28,38,FE,\
81,CA,04,19,FE,82,CA,11,\
19,FE,83,CA,22,19,06,03,\
D6,05,FE,83,CA,E6,19,FE,\
82,CA,E6,19,FE,81,CA,E6,\
19,10,ED,18,12,3A,80,18,\
FE,00,20,44,3E,01,32,80,\
18,3A,7F,18,C3,FB,1A,2D,\
18,EB,24,18,E8,25,18,E5,\
2C,18,E2,CD,B4,18,1A,FE,\
E9,28,04,FE,E4,20,18,3A,\
82,18,FE,04,28,11,3C,32,\
82,18,3E,02,32,72,18,E5,\
01,02,25,CD,D2,14,E1,3A,\
7F,18,32,81,18,C3,FB,1A,\
0E,37,06,FF,00,10,FD,0D,\
20,F8,C9,CD,9E,CE,21,60,\
1D,06,4F,7E,CD,BE,C1,23,\
10,F9,21,01,01,22,B8,00,\
22,73,18,3E,E4,CD,BE,C1,\
21,02,11,22,75,18,CD,B4,\
18,1A,C6,05,22,B8,00,CD,\
BE,C1,21,04,09,22,77,18,\
CD,B4,18,1A,C6,14,22,B8,\
00,CD,BE,C1,3E,05,32,7A,\
18,3E,0A,32,7B,18,3E,60,\
32,79,18,3E,00,32,82,18,\
76,C9,00,00,84,84,84,84,\
84,84,84,84,84,84,84,84,\
84,84,84,84,84,84,84,30,\
83,84,83,84,83,84,83,84,\
83,84,83,84,83,84,83,84,\
83,84,83,30,83,84,83,84,\
83,84,83,84,83,84,83,84,\
83,84,83,84,83,84,83,20,\
83,84,83,84,83,84,83,84,\
83,84,83,84,83,84,83,84,\
83,84,83,20,84,84,84,84,\
84,84,84,84,84,84,84,84,\
84,84,84,84,84,84,84,30,\
83,84,84,83,84,84,83,84,\
84,84,84,84,83,84,84,83,\
84,84,83,31,83,84,84,83,\
84,84,83,84,84,83,84,84,\
83,84,84,83,84,84,83,20,\
83,84,84,83,84,84,83,84,\
84,84,84,84,83,84,84,83,\
84,84,83,20,84,84,84,84,\
84,84,84,84,84,84,84,84,\
84,84,84,84,84,84,84,30,\
83,84,84,84,84,83,84,84,\
84,83,84,84,84,83,84,84,\
84,84,83,32,83,84,84,84,\
84,84,84,84,84,83,84,84,\
84,84,84,84,84,84,83,20,\
83,84,84,84,84,83,84,84,\
84,83,84,84,84,83,84,84,\
84,84,83,20,84,84,84,84,\
84,84,84,84,84,84,84,84,\
84,84,84,84,84,84,84,30,\
83,84,84,84,84,84,84,84,\
83,80,83,84,84,84,84,84,\
84,84,83,33,84,84,83,84,\
84,83,84,84,83,84,83,84,\
84,83,84,84,83,84,84,20,\
83,84,84,84,84,83,84,84,\
84,84,84,84,84,83,84,84,\
84,84,83,20,84,84,84,84,\
84,84,84,84,84,80,84,84,\
84,84,84,84,84,84,84,30,\
84,84,83,84,84,83,84,84,\
83,84,83,84,84,83,84,84,\
83,84,84,34,83,84,84,84,\
84,84,84,84,83,80,83,84,\
84,84,84,84,84,84,83,20,\
84,84,83,84,84,83,84,84,\
83,80,83,84,84,83,84,84,\
83,84,84,20,84,84,84,84,\
84,84,84,84,84,84,84,84,\
84,84,84,84,84,84,84,30,\
83,80,84,84,83,84,84,84,\
84,83,84,84,84,84,83,84,\
84,80,83,35,83,84,83,80,\
84,84,84,83,80,83,80,83,\
84,84,84,80,83,84,83,20,\
83,84,83,84,83,80,83,84,\
84,83,84,84,83,80,83,84,\
83,84,83,20,84,84,84,84,\
84,84,84,84,84,84,84,84,\
84,84,84,84,84,84,84,30,\
80,80,80,80,80,80,83,84,\
84,84,84,84,84,84,84,84,\
84,84,83,36,84,84,84,84,\
84,84,84,80,80,80,80,80,\
83,84,84,84,84,84,83,20,\
83,84,84,84,84,84,83,84,\
84,84,84,84,83,80,80,80,\
80,80,80,20,84,84,84,84,\
84,84,80,84,84,84,84,84,\
80,84,84,84,84,84,84,30,\
81,84,84,84,83,84,84,83,\
84,84,84,83,84,84,83,84,\
84,84,82,37,84,84,84,84,\
83,84,84,84,83,84,83,84,\
84,84,83,84,84,84,84,20,\
81,84,84,84,84,84,84,84,\
83,80,83,84,84,84,84,84,\
84,84,82,20,84,84,84,84,\
84,84,84,84,84,84,84,84,\
84,84,84,84,84,84,84,30,\
83,84,84,84,84,83,80,83,\
84,84,84,83,80,83,84,84,\
84,84,83,38,84,84,84,84,\
83,84,84,84,84,83,84,84,\
84,84,83,84,84,84,84,20,\
81,84,84,84,84,84,82,81,\
84,84,84,82,81,84,84,84,\
84,84,82,20,84,84,84,84,\
84,80,84,84,84,84,84,80,\
84,84,84,84,84,84,84,30,\
81,84,84,82,81,84,82,81,\
84,84,82,80,83,84,84,83,\
84,84,83,39,80,81,84,84,\
84,84,84,84,84,84,84,84,\
83,84,84,84,84,84,83,20,\
80,80,80,80,81,84,84,84,\
84,84,82,80,83,84,84,83,\
84,84,83,20,84,84,84,84,\
84,84,84,84,84,84,84,84,\
84,84,84,84,84,84,84,31,\
81,84,84,84,83,84,84,84,\
84,83,84,84,84,84,83,84,\
84,84,82,30,80,81,84,84,\
84,84,84,84,82,83,81,84,\
84,84,84,84,84,82,80,20,\
80,80,81,84,84,82,81,84,\
84,83,84,84,82,81,84,84,\
82,80,80,20,84,84,80,84,\
84,84,84,84,84,84,84,84,\
84,84,84,84,80,84,84,31,\
81,84,80,83,84,83,84,84,\
82,83,81,84,84,83,84,83,\
80,84,82,31,84,82,84,84,\
84,84,84,82,80,83,80,81,\
84,84,84,84,84,81,84,20,\
81,84,83,84,84,83,84,84,\
84,83,84,84,84,83,84,84,\
83,84,82,20,84,84,84,84,\
84,84,84,84,84,80,84,84,\
84,84,84,84,84,84,84,31,\
81,84,84,83,84,84,84,83,\
84,84,84,83,84,84,84,83,\
84,84,82,32,84,82,83,84,\
84,84,84,83,84,84,84,84,\
84,83,84,84,84,82,80,20,\
81,84,84,84,84,83,84,84,\
84,84,84,83,84,84,84,84,\
82,80,80,20,84,84,84,84,\
84,84,84,84,84,80,84,84,\
84,84,84,84,84,84,84,31,\
81,84,84,82,81,84,84,82,\
81,84,82,81,84,84,82,81,\
84,84,82,33,84,82,81,84,\
84,82,81,84,84,83,84,84,\
82,81,84,84,82,81,84,20,\
81,84,84,82,81,84,84,82,\
81,84,82,81,84,84,82,81,\
84,84,82,20,84,84,80,84,\
84,84,80,84,84,84,80,84,\
84,84,80,84,84,84,84,31,\
81,84,80,83,81,84,80,83,\
81,84,80,83,81,84,80,83,\
81,84,83,34,84,82,84,83,\
84,82,84,83,84,82,84,83,\
84,82,84,84,84,84,83,20,\
81,84,83,80,81,84,83,80,\
81,84,83,80,81,84,83,80,\
81,84,83,20,84,80,84,84,\
84,84,84,80,84,84,84,84,\
84,80,84,84,84,84,84,31,\
83,80,83,80,83,80,83,80,\
83,80,83,80,83,80,83,80,\
83,84,83,35,83,80,83,80,\
83,80,83,80,83,80,83,80,\
83,80,83,80,83,84,83,20,\
83,84,84,84,83,80,83,84,\
84,84,83,80,83,84,84,84,\
83,84,83,20,84,80,84,84,\
84,80,84,84,84,84,84,84,\
84,80,84,84,84,80,84,31,\
83,80,83,80,83,80,83,80,\
83,80,83,80,83,80,83,80,\
83,80,83,36,83,80,83,80,\
83,80,83,80,83,80,83,80,\
83,80,83,80,83,80,83,20,\
83,84,83,80,83,84,83,84,\
83,80,83,84,83,84,83,80,\
83,84,83,20,84,84,84,84,\
84,84,84,80,84,84,84,84,\
80,84,84,84,84,84,84,31,\
81,84,84,84,84,84,83,84,\
83,80,80,83,84,83,84,84,\
84,84,82,37,84,82,83,84,\
84,84,84,80,83,80,80,83,\
80,84,84,84,83,81,84,20,\
81,84,84,84,84,84,82,80,\
83,84,84,83,80,81,84,84,\
84,84,82,20,84,84,84,84,\
84,84,84,84,84,84,84,84,\
84,84,84,84,84,84,84,31,\
83,80,80,80,80,83,84,84,\
82,83,81,84,84,83,80,80,\
80,80,83,38,83,84,84,84,\
84,83,80,80,80,83,80,80,\
80,83,84,84,84,84,83,20,\
80,80,80,80,80,83,84,84,\
84,83,84,84,84,83,80,80,\
80,80,80,20,84,84,84,84,\
80,84,84,84,84,84,84,84,\
84,84,80,84,84,84,84,31,\
83,84,84,84,84,84,84,84,\
82,83,81,84,84,84,84,84,\
84,84,83,39,83,84,84,82,\
83,81,84,84,80,83,80,84,\
84,82,83,81,84,84,83,20,\
83,84,84,84,83,84,80,81,\
84,83,84,82,80,84,83,84,\
84,84,83,20,84,80,84,84,\
84,84,84,84,80,80,80,84,\
84,84,84,84,84,80,84,32,\
83,84,82,80,84,83,80,83,\
84,84,84,83,80,83,84,80,\
81,84,83,30,84,83,80,84,\
83,84,84,84,84,83,84,84,\
84,84,83,84,80,83,84,20,\
83,84,84,83,84,80,83,84,\
83,80,83,84,83,80,84,83,\
84,84,83,20,84,84,84,84,\
84,84,84,84,84,84,84,84,\
84,84,84,84,84,84,84,32,\
83,84,84,84,84,84,84,81,\
84,84,84,82,84,84,84,84,\
84,84,83,31,84,84,84,83,\
84,84,84,84,82,83,81,84,\
84,84,84,83,84,84,84,20,\
81,84,84,84,84,84,83,84,\
84,83,84,84,83,84,84,84,\
84,84,82,20,84,84,80,84,\
84,84,84,84,80,84,84,84,\
84,84,80,84,84,84,84,32,\
81,84,80,81,84,80,81,84,\
80,81,84,80,81,84,80,81,\
84,84,82,32,84,82,84,84,\
82,84,84,82,84,84,82,84,\
84,82,84,84,82,81,84,20,\
81,84,83,81,84,83,81,84,\
82,81,84,83,81,84,83,81,\
84,84,82,20,84,84,84,84,\
84,84,80,80,80,80,84,84,\
84,84,84,84,84,84,84,32,\
83,84,84,84,84,83,80,80,\
84,84,83,80,80,83,84,84,\
84,84,83,33,83,84,84,84,\
84,83,80,80,83,84,84,80,\
80,83,84,84,84,84,83,20,\
83,84,84,84,84,83,84,84,\
83,80,80,80,80,83,84,84,\
84,84,83,20,84,84,84,84,\
84,84,80,80,84,84,84,84,\
84,84,80,84,84,84,80,32,\
83,84,84,83,84,83,80,80,\
80,80,83,84,80,83,80,83,\
80,83,80,34,83,84,84,83,\
84,84,84,84,84,80,80,83,\
80,83,80,83,80,83,80,20,\
83,84,84,83,84,82,80,80,\
83,84,84,83,80,83,84,83,\
84,83,84,20,84,80,84,84,\
84,84,80,80,80,80,80,80,\
80,80,84,84,84,84,80,32,\
83,80,81,84,84,83,84,84,\
84,84,84,84,80,80,83,84,\
84,82,80,35,83,80,80,80,\
80,80,80,83,80,80,80,83,\
80,80,83,80,83,80,80,20,\
83,84,84,84,84,84,84,83,\
80,80,84,83,84,84,83,80,\
83,84,84,20,84,84,84,84,\
84,80,84,84,84,84,84,84,\
84,80,84,84,84,84,84,32,\
83,80,84,84,83,80,81,84,\
84,83,84,84,82,80,83,84,\
84,80,83,36,84,84,83,80,\
83,84,84,84,80,83,80,84,\
84,84,83,80,83,84,84,20,\
81,84,84,84,84,84,84,83,\
84,83,84,83,84,84,84,84,\
84,84,82,20,84,84,84,84,\
84,80,80,84,84,84,84,84,\
80,80,84,84,84,84,84,32,\
83,84,84,84,82,80,80,83,\
84,84,84,83,80,80,81,84,\
84,84,83,37,83,80,80,80,\
84,84,84,84,84,83,84,84,\
84,84,84,80,80,80,83,20,\
83,84,84,84,82,80,80,81,\
84,84,84,82,80,80,81,84,\
84,84,83,20,84,84,84,84,\
84,84,84,80,84,84,84,80,\
84,84,84,84,84,84,84,32,\
83,84,82,80,83,80,81,84,\
80,83,80,84,82,80,83,80,\
81,84,83,38,83,82,80,80,\
83,80,80,81,84,83,84,82,\
80,80,83,80,80,81,83,20,\
80,84,84,84,83,84,84,84,\
84,83,84,84,84,84,83,84,\
84,84,80,20,84,84,84,84,\
84,84,84,80,84,84,80,84,\
84,84,84,84,84,84,84,32,\
84,84,83,84,83,84,83,80,\
83,81,84,80,83,84,84,83,\
84,84,83,39,84,84,83,84,\
84,84,83,80,83,84,81,84,\
80,83,84,84,83,84,84,20,\
81,84,84,84,83,84,84,84,\
83,84,84,81,84,84,84,83,\
84,84,82,20,84,84,84,84,\
84,84,84,80,84,84,84,84,\
84,84,84,80,84,84,84,33,\
83,80,84,84,83,84,84,80,\
83,80,83,84,84,84,83,80,\
81,84,83,30,83,80,81,84,\
84,84,82,80,83,80,83,84,\
84,84,84,84,84,84,83,20,\
83,84,84,84,84,84,84,84,\
82,84,84,84,84,84,83,84,\
84,84,83,20,84,84,84,84,\
84,80,80,80,84,84,84,84,\
84,84,84,84,84,84,84,33,\
83,84,84,84,83,84,84,84,\
82,80,80,80,80,83,84,84,\
84,84,83,31,83,84,84,84,\
84,82,80,80,80,80,84,84,\
84,84,84,84,83,84,83,20,\
83,84,84,83,84,84,84,84,\
84,84,82,80,80,81,84,84,\
83,84,83,20,84,84,84,84,\
84,84,84,84,84,84,84,84,\
84,84,84,84,84,84,84,33,\
83,84,84,84,84,84,84,84,\
84,84,84,84,84,84,84,84,\
84,84,83,32,83,84,84,84,\
84,84,84,84,84,83,84,84,\
84,84,84,84,84,84,83,20,\
83,84,84,84,84,84,84,84,\
84,84,84,84,84,84,84,84,\
84,84,83,20,84,84,84,84,\
84,84,84,80,84,84,84,80,\
84,84,84,84,84,84,84,33,\
80,80,83,84,84,83,80,84,\
82,83,81,84,80,83,84,84,\
83,80,80,33,84,84,83,84,\
84,83,84,82,84,83,84,81,\
84,83,84,84,83,84,84,20,\
81,84,84,84,82,80,83,84,\
84,83,84,84,83,80,81,84,\
84,84,82,20,84,84,84,80,\
84,84,84,84,84,84,84,84,\
84,84,84,80,84,84,84,33,\
81,84,83,84,82,80,83,84,\
84,84,84,84,83,80,81,84,\
83,84,82,34,84,81,84,84,\
84,84,80,83,84,84,84,83,\
80,84,84,84,84,82,84,20,\
83,84,83,84,84,83,84,80,\
83,84,83,80,84,83,84,84,\
83,84,83,20,84,80,80,80,\
84,84,84,84,84,84,84,84,\
84,84,84,80,80,80,84,33,\
83,80,80,80,83,80,80,80,\
83,84,83,80,80,80,83,80,\
80,80,83,35,83,80,80,80,\
83,80,80,80,83,84,83,80,\
80,80,83,80,80,80,83,20,\
83,84,84,84,83,80,80,80,\
81,84,82,80,80,80,83,84,\
84,84,83,20,84,84,84,84,\
84,84,84,84,84,84,84,84,\
84,84,84,84,84,84,84,33,\
80,84,84,83,80,80,80,80,\
83,84,84,83,80,80,80,83,\
84,84,80,36,80,83,80,80,\
80,84,80,80,80,80,80,80,\
80,84,80,80,80,83,80,20,\
80,81,84,84,84,83,84,84,\
84,80,80,84,84,83,84,84,\
84,82,80,20,84,84,84,84,\
84,84,84,84,84,84,84,84,\
84,84,84,84,84,84,84,33,\
84,84,84,84,84,80,84,84,\
84,84,81,84,84,84,83,84,\
84,84,82,37,83,84,84,83,\
81,84,83,84,84,83,84,81,\
84,84,84,84,84,83,80,20,\
83,84,84,84,84,84,83,84,\
84,84,84,84,82,83,84,84,\
84,83,80,20,84,84,84,84,\
80,84,84,84,84,84,84,84,\
84,84,80,84,84,84,84,33,\
80,84,84,83,84,82,80,83,\
84,84,84,83,80,81,84,83,\
84,84,80,38,84,83,80,84,\
84,84,84,83,84,84,84,83,\
84,84,84,84,80,83,84,20,\
83,84,84,83,80,83,84,83,\
81,84,82,83,84,83,80,83,\
84,84,83,20,84,84,84,84,\
84,84,84,84,84,84,84,84,\
84,84,84,84,84,84,84,33,\
83,84,84,84,84,82,80,83,\
84,84,84,83,80,81,84,84,\
84,84,83,39,84,84,84,84,\
82,84,80,83,84,83,84,83,\
80,84,81,84,84,84,84,20,\
81,84,84,82,80,83,84,83,\
84,84,84,83,84,83,80,81,\
84,84,82,20,84,84,84,84,\
84,84,84,84,84,84,84,84,\
84,84,84,84,84,84,84,34,\
83,84,84,84,84,84,82,84,\
81,84,82,84,81,84,84,84,\
84,84,83,30,83,81,84,84,\
84,82,84,83,84,84,84,83,\
84,81,84,84,84,82,83,20,\
83,84,81,84,82,84,84,83,\
84,84,84,83,84,84,81,84,\
82,84,83,20,84,80,80,80,\
80,80,84,84,84,84,84,84,\
84,80,80,80,80,80,84,34,\
83,80,80,84,80,80,83,80,\
80,83,80,80,83,80,80,84,\
80,80,83,31,83,80,80,83,\
80,80,83,80,80,83,80,80,\
83,80,80,83,80,80,83,20,\
83,84,84,83,84,84,83,80,\
80,83,80,80,83,84,84,83,\
84,84,83,20,84,80,80,80,\
80,80,80,80,84,84,84,80,\
80,80,80,80,80,80,84,34,\
83,84,84,84,84,84,84,84,\
83,84,83,84,84,84,84,84,\
84,84,83,32,83,80,80,80,\
80,80,80,80,83,84,83,80,\
80,80,80,80,80,80,83,20,\
83,84,84,84,84,84,84,84,\
84,83,84,84,84,84,84,84,\
84,84,83,20,84,84,84,84,\
84,84,80,84,84,84,84,84,\
80,84,84,84,84,84,84,34,\
83,84,84,84,84,83,84,83,\
80,83,80,83,84,83,84,84,\
84,84,83,33,84,84,84,84,\
84,83,84,80,84,83,84,80,\
84,83,84,84,84,84,84,20,\
81,84,84,84,82,80,81,84,\
83,84,83,84,82,80,81,84,\
84,84,82,20,84,80,84,84,\
84,80,84,84,84,84,84,84,\
84,80,84,84,84,80,84,34,\
83,80,81,84,82,80,83,80,\
83,84,83,80,83,80,81,84,\
82,80,83,34,83,80,80,83,\
80,80,83,80,83,84,83,80,\
83,80,80,83,80,80,83,20,\
83,84,84,83,84,84,82,80,\
83,84,83,80,81,84,84,83,\
84,84,83,20,84,84,84,84,\
84,84,80,84,84,84,84,84,\
80,84,84,84,84,84,84,34,\
83,84,84,82,83,81,84,83,\
84,84,84,83,84,82,83,81,\
84,84,83,35,84,84,80,84,\
83,84,80,84,84,84,84,84,\
80,84,83,84,80,84,84,20,\
83,84,84,82,80,81,84,84,\
82,80,81,84,84,82,80,81,\
84,84,83,20,84,84,84,84,\
84,84,84,80,84,84,84,80,\
84,84,84,84,84,84,84,34,\
81,84,80,81,84,84,83,84,\
80,83,80,84,83,84,84,82,\
80,84,82,36,80,81,84,80,\
81,84,84,84,84,83,84,84,\
84,84,82,80,84,82,80,20,\
80,80,81,84,84,84,84,84,\
82,80,81,84,84,84,84,84,\
82,80,80,20,84,84,84,84,\
84,84,84,84,84,84,84,84,\
84,84,84,84,84,84,84,34,\
83,80,83,84,84,84,84,84,\
84,84,84,84,84,84,84,84,\
83,80,83,37,83,80,84,84,\
84,84,84,84,82,83,81,84,\
84,84,84,84,84,80,83,20,\
83,84,84,82,81,84,84,84,\
84,83,84,84,84,84,82,81,\
84,84,83,20,84,84,84,84,\
84,84,84,80,80,80,84,84,\
84,84,84,84,84,84,84,34,\
81,84,84,84,84,84,83,84,\
84,84,83,80,81,84,84,84,\
84,84,82,38,84,84,84,84,\
84,84,84,80,83,84,84,84,\
84,84,84,84,84,84,84,20,\
83,84,84,82,81,84,84,84,\
82,80,80,80,83,84,84,84,\
84,84,83,20,84,84,84,84,\
84,84,84,84,84,80,84,84,\
84,84,84,84,84,84,84,34,\
83,81,84,84,84,84,82,83,\
81,84,82,83,81,84,84,84,\
84,82,83,39,83,84,81,84,\
84,82,84,83,84,84,84,83,\
84,81,84,84,82,84,83,20,\
83,84,84,82,81,84,84,84,\
84,83,84,84,84,84,82,81,\
84,84,83,20,84,84,84,84,\
84,84,84,84,84,84,84,84,\
84,84,84,84,84,84,84,35,\
80,80,80,80,80,80,80,80,\
80,83,83,80,80,80,80,80,\
80,80,80,30,80,80,84,84,\
84,84,84,84,84,83,83,84,\
84,84,84,84,84,80,80,20,\
84,84,84,84,82,80,83,84,\
84,83,83,84,84,83,80,81,\
84,84,84,20,84,84,84,84,\
84,84,84,84,84,84,84,84,\
84,84,84,84,84,84,84,35,\
80,81,84,84,84,84,84,84,\
84,84,84,84,84,84,84,84,\
84,82,80,31,80,80,80,80,\
83,80,80,80,80,80,80,80,\
80,80,83,80,80,80,80,20,\
80,84,84,84,83,84,84,84,\
84,84,84,84,84,84,83,84,\
84,84,80,20,84,80,80,80,\
80,80,80,80,80,80,80,80,\
80,80,80,80,80,80,84,35,\
83,84,84,84,84,84,84,84,\
84,80,84,84,84,84,84,84,\
84,84,83,32,83,84,84,84,\
84,84,84,84,83,84,83,84,\
84,84,84,84,84,84,83,20,\
83,80,80,80,80,80,80,80,\
80,80,80,80,80,80,80,80,\
80,80,83,20,84,84,84,84,\
84,84,84,84,84,84,84,84,\
84,84,84,84,84,84,84,35,\
83,80,80,80,80,80,84,84,\
84,83,84,84,84,80,80,80,\
80,80,83,33,83,84,84,84,\
84,80,83,80,80,83,80,80,\
83,80,84,84,84,84,83,20,\
83,84,84,84,82,80,83,84,\
84,83,84,84,83,80,81,84,\
84,84,83,20,84,80,84,84,\
84,84,84,84,84,84,84,84,\
84,84,84,84,84,80,84,35,\
83,80,81,84,84,84,84,84,\
84,83,84,84,84,84,84,84,\
82,80,83,34,83,80,84,84,\
84,84,84,82,80,83,80,81,\
84,84,84,84,84,80,83,20,\
83,84,82,83,84,84,84,84,\
84,83,84,84,84,84,84,83,\
81,84,83,20,84,84,84,84,\
84,80,84,84,84,84,84,84,\
84,80,84,84,84,84,84,35,\
83,84,84,84,83,80,83,84,\
84,84,84,84,83,80,83,84,\
84,84,83,35,83,84,84,84,\
84,80,84,84,84,83,84,84,\
84,80,84,84,84,84,83,20,\
83,84,84,82,81,84,84,84,\
82,80,81,84,84,84,82,81,\
84,84,83,20,84,84,84,84,\
84,84,84,84,84,84,80,84,\
84,84,80,84,84,84,84,35,\
80,80,80,84,84,84,84,84,\
80,83,84,83,80,83,84,83,\
84,84,82,36,84,84,84,83,\
80,84,84,83,80,83,84,84,\
84,83,84,84,83,80,80,20,\
83,84,84,83,80,81,84,84,\
84,83,84,84,84,84,84,84,\
83,80,80,20,84,80,84,84,\
84,80,84,84,84,84,84,84,\
84,80,84,84,84,80,84,35,\
83,80,84,84,83,80,83,80,\
83,84,83,80,83,80,83,84,\
84,80,83,37,83,80,83,84,\
84,80,83,80,84,83,84,80,\
83,80,84,84,83,80,83,20,\
83,84,84,84,83,84,83,80,\
83,84,83,80,83,84,83,84,\
84,84,83,20,84,84,84,84,\
84,84,84,84,84,84,84,84,\
84,84,84,84,84,84,84,35,\
83,84,84,84,84,84,82,83,\
84,84,84,83,81,84,84,84,\
84,84,83,38,84,84,84,84,\
84,84,84,80,84,84,84,80,\
84,84,84,83,84,84,84,20,\
83,84,84,84,84,82,83,84,\
82,80,81,84,83,81,84,84,\
84,84,83,20,84,84,84,84,\
84,80,84,84,84,84,84,84,\
84,80,84,84,84,84,84,35,\
84,84,83,80,83,84,83,80,\
84,84,84,80,83,84,83,80,\
83,84,84,39,81,84,84,84,\
80,84,84,80,83,84,83,80,\
84,84,80,84,84,84,82,20,\
84,84,84,83,84,83,81,84,\
83,84,83,84,82,83,84,83,\
84,84,84,20,46,49,FE,21,\
C8,16,08,FE,23,C8,F1,79,\
E6,7F,5F,16,00,E5,21,E9,\
02,19,56,E1,2B,7A,32,D9,\
]
