1 ' xxxxxxxxxxxxxxxxxxxxxxxxxxxxxxxxxxxxxxxxxxxxxxxxxxxxxxxxxxxxxxxx
2 ' CHEVALIER
4 ' LANCELOT
5 ' CANON X07
6 '
7 ' Copyright
8 ' IVAN-HARY
9 '
10 CLS:LOCATE 0,0:PRINT "-=-=-=-=-=-=-=-=-=-=";
12 CONSOLE 1,1:LOCATE 0,3:PRINT "-=-=-=-=-=-=-=-=-=-=";
14 CONSOLE 0,4
16 LOCATE 0,1:PRINT "     Chevalier           Lancelot";
18 FOR I=1 TO 50:BEEP I,1:NEXT:BEEP 0,200
20 LOCATE 0,1:PRINT "   Chargement des      caractères...";
40 DATA 252,32,32,252,136,136,252,32,252,136,136,252,32,32,252,136
42 DATA 240,16,16,240,80,80,240,16,60,32,32,60,32,32,60,32
44 DATA 136,252,32,32,252,136,136,252,16,240,92,68,252,16,16,252
46 DATA 0,0,252,8,252,32,32,252,32,60,224,0,252,64,64,252
48 DATA 32,252,136,136,252,32,32,252,0,0,0,128,192,128,152,188
50 DATA 240,16,16,240,80,84,244,16,252,192,228,252,252,252,252,252
52 DATA 188,160,160,188,160,160,188,160,164,36,252,8,252,32,32,252
54 DATA 0,0,0,0,0,128,192,128,128,128,128,128,128,128,152,188
56 DATA 244,20,16,240,80,80,240,16,252,192,228,124,124,124,124,124
58 DATA 36,36,252,8,252,32,32,252,0,64,252,64,0,0,0,0
60 DATA 0,0,0,0,48,120,120,48,0,64,252,64,0,128,192,128
62 DATA 0,24,24,240,188,48,76,132,0,0,0,28,20,4,24,16
64 DATA 0,192,192,128,224,128,64,32,0,192,192,128,216,188,188,216
66 DATA 0,0,0,4,4,8,16,0,0,0,0,224,248,152,192,128
68 DATA 0,0,0,0,128,172,252,112,0,132,204,252,120,48,48,120
72 DATA 96,96,196,244,200,40,16,0,48,48,96,120,100,20,12,0
74 DATA 24,24,48,60,48,8,4,0,0,4,4,12,12,12,0,0
76 DATA 32,160,160,32,224,32,160,96,104,104,200,248,196,36,20,4
78 DATA 56,52,100,124,96,16,8,0,12,12,24,28,24,12,4,0
80 DATA 4,4,12,12,12,4,0,0,128,128,64,224,16,200,64,0,0,0,128,172,252,112,0,0
82 DATA 0,0,0,0,0,0,128,172,252,112,252,8,252,32,32,252
84 DATA 32,32,32,32,32,32,32,32,32,32,32,32,16,16,16,16
86 DATA 8,8,8,8,4,4,4,4,8,4,4,4,0,0,0,0
88 DATA 0,0,0,0,128,128,128,0,32,32,32,16,16,16,8,8
90 DATA 4,4,0,0,0,0,0,0,0,0,128,128,64,64,32,0
92 DATA 32,32,32,16,16,16,8,4,128,64,64,32,16,8,0,0,
94 DATA 16,16,16,16,32,32,32,32,64,64,64,64,128,128,128,128
96 DATA 64,128,128,128,0,0,0,0,0,0,0,0,4,4,4,0
98 DATA 16,16,16,32,32,32,64,64,128,128,0,0,0,0,0,0
100 DATA 0,0,4,4,8,8,16,0,16,10,16,32,32,32,64,128
102 DATA 4,8,8,16,32,64,0,0
104 FOR I=128 TO 157
106 READ A(1),A(2),A(3),A(4),A(5),A(6),A(7),A(8)
108 FONT$(I)="A(1),A(2),A(3),A(4),A(5),A(6),A(7),A(8)"
110 NEXT
112 FOR I=224 TO 255
114 READ A(1),A(2),A(3),A(4),A(5),A(6),A(7),A(8)
116 FONT$(I)="A(1),A(2),A(3),A(4),A(5),A(6),A(7),A(8)"
118 NEXT
120 BEEP 50,20:CLS:LOCATE 0,0:PRINT "-=-=-=-=-=-=-=-=-=-=";
122 CONSOLE 1,1:LOCATE 0,3:PRINT "-=-=-=-=-=-=-=-=-=-=";
124 CONSOLE 0,4
126 LOCATE 0,1:PRINT "Entrez le deuxieme  programme de jeu...";
128 IF INKEY$="" THEN 128
130 CLS